E01008,[3,E1,9C,0,0,66,55,0],2152
1E0162A,[0,11,0,40,15,0,99,2],35
381526C,[0,1,5,BC,5,28,3D,30],34
217FFC,[1,EB,50,D8,F0,58,0,0],34
2202262,[0,2,1,0,50,0,40,0],48
2616CFC,[9,52,0,F,33,1A,F,3D],45
14034A2,[0,5B,0,4,89,3,4,0],47
C00402,[43,0,0,28,0,0,0,12],46
14034A2,[0,5B,0,4,89,3,4,0],46
2510000,[0,0,0,0,0,4,0,66],46
131726C,[0,8C,2A,D2,40,0,0,3F],47
217FFC,[5,6B,50,D8,F0,58,0,0],47
4600002,[0,0,0,0,0,0,1,3],47
C00402,[3,10,0,28,0,0,0,12],32
2202262,[0,2,1,0,50,0,40,0],17
2616CFC,[9,56,0,F,33,1A,F,3D],20
12173BE,[80,21,40,2,0,0,80,2],17
1E0162A,[80,11,0,40,15,0,59,0],18
217FFC,[1,EB,10,D8,F0,58,0,0],17
C00402,[C3,10,0,28,0,0,0,12],17
3200408,[1,DE,53,0,20,0,10,0],17
1E0162A,[0,11,0,40,15,0,99,2],17
1A0600A,[40,0,0,0,0,9E,40,0],17
131726C,[0,8C,2C,D2,40,0,0,3F],17
2510000,[0,0,0,0,0,4,0,66],18
217FFC,[1,6B,50,D8,F0,58,0,0],17
C00402,[83,10,0,28,0,0,0,12],17
2300492,[0,0,0,0,0,0,0,4],17
1A0600A,[C0,0,0,0,0,9E,40,0],17
12173BE,[C0,31,40,2,0,80,80,2],17
131726C,[0,8C,2C,D2,40,0,0,3F],20
217FFC,[3,EB,10,D8,F0,58,0,0],18
1601422,[0,0,0,1,34,90,6,73],17
217FFC,[3,6B,50,D8,F0,58,0,0],17
12173BE,[40,31,40,2,0,80,80,2],17
2C1302A,[80,4,0,C0,13,8,80,0],17
381526C,[0,1,5,BC,5,28,3D,30],18
4000002,[0,0,0,4,6,4,27,EF],17
2510000,[0,0,0,0,0,4,0,66],17
2803008,[4D,E1,FF,3F,3D,F,22,95],17
217FFC,[3,EB,50,D8,F0,58,0,0],18
2300492,[0,0,0,0,0,0,0,4],17
12173BE,[0,31,40,2,0,80,80,2],17
2C1302A,[0,0,0,C0,13,8,80,0],17
217FFC,[1,EB,50,D8,F0,58,0,0],18
1601422,[0,0,0,1,34,90,6,73],17
2616CFC,[9,52,0,F,33,1A,F,3D],20
2510000,[0,0,0,0,0,4,0,66],17
217FFC,[1,6B,50,D8,F0,58,0,0],18
C00402,[3,10,0,28,0,0,0,12],17
1601422,[0,0,0,1,34,90,6,73],17
3200408,[11,DE,53,0,20,0,10,0],17
3A04004,[0,B8,FF,FF,FF,FF,FF,FF],18
2803008,[4D,E1,FF,3F,3D,F,22,95],17
3000042,[0,0,1,B0,1E,0,B9,B1],17
217FFC,[1,6B,50,D8,F0,58,0,0],18
C00402,[C3,10,0,28,0,0,0,12],17
381526C,[0,1,5,BC,5,28,3D,30],17
2202262,[0,2,1,0,50,0,40,0],17
3C01428,[1,1,49,94,E,73,0,0],17
12173BE,[C0,21,40,2,0,0,80,2],17
4000002,[0,0,0,4,6,4,27,EF],21
217FFC,[1,6B,50,D8,F0,58,0,0],17
131726C,[0,8C,2A,D2,40,0,0,3F],17
217FFC,[5,6B,50,D8,F0,58,0,0],17
1A0600A,[0,0,0,0,0,9E,40,0],17
14034A2,[0,5B,0,4,89,3,4,0],17
381526C,[0,1,5,BC,5,28,3D,30],17
1A0600A,[40,0,0,0,0,9E,40,0],17
131726C,[0,8C,2A,D2,40,0,0,3F],17
2006428,[1,E3,E0,0,0,2,0,1],17
2202262,[0,2,1,0,50,0,40,0],17
C00402,[83,10,0,28,0,0,0,12],17
2300492,[0,0,0,0,0,0,0,4],18
1E0162A,[80,11,0,40,15,0,19,0],17
3A04004,[0,B8,FF,FF,FF,FF,FF,FF],17
131726C,[0,8C,2E,D2,40,0,0,3F],20
E01008,[3,E1,9C,0,0,67,55,0],17
12173BE,[80,21,40,2,0,0,80,2],17
14034A2,[0,5B,0,4,89,3,4,0],17
2C1302A,[80,0,0,C0,13,8,80,0],17
3E0004A,[0,0,0,0,1D,E0,40,0],17
E01008,[3,E1,9C,0,0,67,55,0],17
217FFC,[1,EB,50,D8,F0,58,0,0],17
2006428,[1,E3,E0,0,0,2,0,1],17
217FFC,[1,6B,50,D8,F0,58,0,0],17
12173BE,[40,31,40,2,0,80,80,2],17
2300492,[0,0,0,0,0,0,0,4],17
1E0162A,[40,11,0,48,15,0,19,0],17
E01008,[3,E1,9C,0,0,67,55,0],17
1E0162A,[80,11,0,40,15,0,99,2],17
2616CFC,[9,52,0,F,33,1A,F,3D],17
131726C,[0,8C,2E,D2,40,0,0,3F],17
2510000,[0,0,0,0,0,4,0,66],17
1E0162A,[0,11,0,40,15,0,19,0],17
C00402,[3,10,0,28,0,0,0,12],17
2300492,[0,0,0,0,0,0,0,4],17
2202262,[0,2,1,0,50,0,40,0],17
2803008,[8D,E1,FF,3F,3D,F,22,9E],17
3E0004A,[0,0,0,0,1D,E0,40,0],17
217FFC,[3,6B,50,D8,F0,58,0,0],17
2300492,[0,0,0,0,0,0,0,4],17
1017FFC,[2,50,C,73,6B,4,27,EF],17
3200408,[11,DE,53,0,20,0,10,0],17
131726C,[0,8C,2C,D2,40,0,0,3F],17
131726C,[0,8C,2C,D2,40,0,0,3F],17
217FFC,[1,6B,50,D8,F0,58,0,0],17
217FFC,[3,6B,50,D8,F0,58,0,0],20
131726C,[0,8C,2C,D2,40,0,0,3F],17
4200002,[E4,0,3C,7D,DA,6C,50,2E],17
2C1302A,[80,0,0,C0,13,8,80,0],17
3C01428,[1,80,59,94,E,73,0,0],17
12173BE,[C0,21,40,2,0,0,80,2],17
14034A2,[0,5B,0,4,89,3,4,0],17
217FFC,[3,6B,50,D8,F0,58,0,0],17
217FFC,[1,EB,50,D8,F0,58,0,0],17
C00402,[43,10,0,28,0,0,0,12],17
E01008,[3,A1,9C,0,0,67,5F,0],17
14034A2,[0,5B,0,4,89,3,4,0],17
381526C,[0,1,5,BC,5,28,3D,30],17
12173BE,[80,21,40,2,0,0,80,2],17
2510000,[0,0,0,0,0,4,0,66],18
2C1302A,[40,0,0,C0,13,8,80,0],20
1601422,[0,0,0,1,34,90,6,73],17
3C01428,[41,1,49,94,E,73,0,0],18
2C1302A,[80,4,0,C0,13,8,80,0],17
2803008,[8D,E1,FF,3F,3D,F,22,9F],17
1E0162A,[0,11,0,40,15,0,59,0],17
1601422,[0,0,0,1,34,90,6,73],17
2803008,[CD,E1,FF,3F,3D,F,22,A1],17
217FFC,[3,6B,50,D8,F0,58,0,0],17
14034A2,[0,5B,0,4,89,3,4,0],17
1A0600A,[C0,0,0,0,0,9E,40,0],17
4000002,[0,0,0,4,6,4,27,EF],17
131726C,[0,8C,28,D2,40,0,0,3F],17
2510000,[0,0,0,0,0,4,0,66],17
1601422,[0,0,0,1,34,90,6,73],17
3C01428,[81,80,79,94,E,73,0,0],20
2300492,[0,0,0,0,0,0,0,4],17
C00402,[C3,10,0,28,0,0,0,12],17
2C1302A,[80,4,0,C0,13,8,80,0],17
E01008,[3,E1,9C,0,0,67,55,0],17
217FFC,[3,6B,50,D8,F0,58,0,0],17
2803008,[CD,E1,FF,3F,3D,F,22,9E],18
131726C,[0,8C,28,D2,40,0,0,3F],17
1E0162A,[40,11,0,40,15,0,59,0],17
C00402,[83,10,0,28,0,0,0,12],17
1E0162A,[80,11,0,48,15,0,19,0],18
E01008,[3,E1,9C,0,0,67,55,0],17
1E0162A,[C0,11,0,40,15,0,99,2],17
2803008,[4D,E1,FF,3F,3D,F,22,9C],17
1E0162A,[0,11,0,40,15,0,59,0],17
1A0600A,[80,0,0,0,0,9E,40,0],21
C00402,[43,10,0,28,0,0,0,12],17
2202262,[0,2,1,0,50,0,40,0],17
2C1302A,[80,4,0,C0,13,8,80,0],17
2300492,[0,0,0,0,0,0,0,4],17
1E0162A,[C0,11,0,48,15,0,59,0],18
2510000,[0,0,0,0,0,4,0,66],17
1E0162A,[0,11,0,40,15,0,99,2],17
217FFC,[3,EB,50,D8,F0,58,0,0],17
2300492,[0,0,0,0,0,0,0,4],17
2202262,[0,2,1,0,50,0,40,0],18
3C01428,[1,80,59,94,E,73,0,0],17
12173BE,[C0,21,40,2,0,0,80,2],17
14034A2,[0,5B,0,4,89,3,4,0],17
217FFC,[1,6B,50,D8,F0,58,0,0],17
217FFC,[3,EB,50,D8,F0,58,0,0],17
3A04004,[0,B8,FF,FF,FF,FF,FF,FF],20
E01008,[3,E1,9C,0,0,67,55,0],17
2C1302A,[80,4,0,BF,13,8,80,0],17
381526C,[0,1,5,BC,5,28,3D,30],18
1A0600A,[40,0,0,0,0,9E,40,0],17
131726C,[0,8C,2C,D2,40,0,0,3F],17
2616CFC,[9,46,0,F,33,1A,F,3D],17
14034A2,[0,5B,0,4,89,3,4,0],18
C00402,[C3,10,0,28,0,0,0,12],17
131726C,[0,8C,2C,D2,40,0,0,3F],17
2C1302A,[0,0,0,BF,13,8,80,0],17
E01008,[3,E1,9C,0,0,67,55,0],17
2202262,[0,2,1,0,50,0,40,0],18
2616CFC,[9,52,0,F,33,1A,F,3D],17
217FFC,[1,6B,50,D8,F0,58,0,0],17
14034A2,[0,5B,0,4,89,3,4,0],20
2300492,[0,0,0,0,0,0,0,4],18
1601422,[0,0,0,1,34,90,6,73],17
3200408,[11,9E,53,0,20,0,10,0],17
131726C,[0,8C,2C,D2,40,0,0,3F],17
2803008,[D,E1,FF,3F,3D,F,62,A1],18
1A0600A,[C0,0,0,0,0,9E,40,0],17
2510000,[0,0,0,0,0,4,0,66],17
217FFC,[1,6B,50,D8,F0,58,0,0],17
1A0600A,[0,0,0,0,0,9E,40,0],18
2300492,[0,0,0,0,0,0,0,4],17
1E0162A,[40,11,0,40,15,0,99,2],17
12173BE,[C0,21,40,2,0,0,80,2],17
14034A2,[0,5B,0,4,89,3,4,0],17
217FFC,[3,6B,50,D8,F0,58,0,0],17
217FFC,[1,6B,50,D8,F0,58,0,0],21
C00402,[43,10,0,28,0,0,0,12],17
12173BE,[40,21,40,2,0,0,80,2],17
C00402,[83,0,0,28,0,0,0,12],17
3A04004,[0,A8,FF,FF,FF,FF,FF,FF],18
131726C,[0,8C,2E,D2,40,0,0,3F],17
3000042,[0,0,1,B0,1E,0,B9,B1],17
2803008,[4F,E1,FF,3F,3D,F,22,9A],17
14034A2,[0,5B,0,4,89,3,4,0],18
3200408,[11,DE,53,0,20,0,10,0],17
C00402,[43,10,0,28,0,0,0,12],17
2803008,[8D,E1,FF,3F,3D,F,22,9C],17
E01008,[3,E1,9C,0,0,66,55,0],17
2C1302A,[40,4,0,BF,13,8,80,0],18
3200408,[11,DE,53,0,20,0,10,0],17
131726C,[0,8C,2E,D2,40,0,0,3F],20
14034A2,[0,5B,0,4,89,3,4,0],18
3000042,[0,0,1,B0,1E,0,B9,B1],17
1601422,[0,0,0,1,34,90,6,73],17
3200408,[11,DE,13,0,20,0,10,0],17
1A0600A,[40,0,0,0,0,9E,40,0],18
2803008,[4F,E1,FF,3F,3D,F,22,9B],17
131726C,[0,8C,2E,D2,40,0,0,3F],17
217FFC,[1,EB,50,D8,F0,58,0,0],17
217FFC,[3,6B,50,D8,F0,58,0,0],17
131726C,[0,8C,2E,D2,40,0,0,3F],18
2202262,[0,2,1,0,50,0,40,0],17
2300492,[0,0,0,0,0,0,0,4],17
2C1302A,[40,4,0,C0,13,8,80,0],17
2510000,[0,0,0,0,0,4,0,66],18
217FFC,[1,EB,50,D8,F0,58,0,0],17
217FFC,[3,6B,50,D8,F0,58,0,0],20
131726C,[0,8C,2E,D2,40,0,0,3F],17
12173BE,[40,31,40,2,0,80,80,2],17
3000042,[0,0,1,B0,1E,0,B9,B1],17
131726C,[0,8C,2E,D2,40,0,0,3F],18
1E0162A,[40,11,0,40,15,0,99,2],17
1A0600A,[C0,0,0,0,0,9E,40,0],17
2006428,[1,E3,E0,0,0,2,0,1],17
217FFC,[5,EB,50,D8,F0,58,0,0],17
3000042,[0,0,1,B0,1E,0,B9,B1],17
12173BE,[0,21,40,2,0,0,80,2],17
1E0162A,[0,11,0,40,15,0,99,2],17
2C1302A,[40,4,0,C0,13,8,80,0],18
1601422,[0,0,0,1,34,90,6,73],17
2616CFC,[9,52,0,F,33,1A,F,3D],17
217FFC,[1,EB,50,D8,F0,58,0,0],25
14034A2,[0,5B,0,4,89,3,4,0],17
2616CFC,[9,46,0,F,33,1A,F,3D],17
217FFC,[3,EB,50,D8,F0,58,0,0],17
3200408,[11,DE,53,0,20,0,10,0],17
12173BE,[0,31,40,2,0,80,80,2],18
2803008,[8D,E1,FF,3F,3D,F,22,9A],17
217FFC,[1,6B,50,D8,F0,58,0,0],17
1A0600A,[40,0,0,0,0,9E,40,0],17
131726C,[0,8C,2C,D2,40,0,0,3F],17
217FFC,[3,6B,50,D8,F0,58,0,0],17
14034A2,[0,5B,0,4,89,3,4,0],17
1E0162A,[0,11,0,40,15,0,19,0],18
2300492,[0,0,0,0,0,0,0,4],17
1E0162A,[40,11,0,40,15,0,99,2],17
3A04004,[0,A8,FF,FF,FF,FF,FF,FF],20
1601422,[0,0,0,1,34,90,6,73],17
217FFC,[3,6B,50,D8,F0,58,0,0],17
4900002,[0,0,0,0,15,C2,58,8B],18
131726C,[0,8C,2C,D2,40,0,0,3F],17
1E0162A,[0,11,0,40,15,0,99,2],17
1601422,[0,0,0,1,34,90,6,73],17
1E0162A,[40,11,0,40,15,0,59,0],18
2C1302A,[0,4,0,C0,13,8,80,0],17
1E0162A,[81,11,0,40,15,0,19,0],17
217FFC,[1,EB,50,D8,F0,58,0,0],17
1E0162A,[C0,11,0,40,15,0,99,2],18
3A04004,[0,A8,FF,FF,FF,FF,FF,FF],17
1E0162A,[0,11,0,48,15,0,59,0],17
131726C,[0,8C,2C,D2,40,0,0,3F],17
381526C,[0,1,5,BC,5,28,3D,30],15
12173BE,[80,21,40,2,0,0,80,2],18
4000002,[0,0,0,4,6,4,27,EF],17
C00402,[C3,10,0,28,0,0,0,12],17
12173BE,[C0,31,40,2,0,80,80,2],17
131726C,[0,8C,32,D2,40,0,0,3F],18
217FFC,[3,EB,50,D8,F0,58,0,0],17
1A0600A,[C0,0,0,0,0,9E,40,0],17
2510000,[0,0,0,0,0,4,0,66],17
217FFC,[1,EB,50,D8,F0,58,0,0],18
3000042,[0,0,1,B0,1E,0,B9,B1],17
2300492,[0,0,0,0,0,0,0,4],17
1601422,[0,0,0,1,34,90,6,73],17
1A0600A,[40,0,0,0,0,9E,40,0],17
2803008,[4D,E1,FF,3F,3D,F,22,9F],17
14034A2,[0,5B,0,4,89,3,4,0],20
217FFC,[1,6B,50,D8,F0,58,0,0],18
E01008,[3,E1,9C,0,0,66,55,0],17
3C01428,[81,81,49,94,E,73,0,0],17
C00402,[83,0,0,28,0,0,0,12],17
14034A2,[0,5B,0,4,89,3,4,0],18
381526C,[0,1,5,BC,5,28,3D,30],17
12173BE,[80,21,40,2,0,0,80,2],17
2C1302A,[0,0,0,BF,13,8,80,0],17
2006428,[1,E3,E0,0,0,2,0,1],18
2202262,[0,2,1,0,50,0,40,0],17
C00402,[43,10,0,28,0,0,0,12],17
12173BE,[0,31,40,2,0,80,80,2],17
131726C,[0,8C,32,D2,40,0,0,3F],18
217FFC,[3,6B,50,D8,F0,58,0,0],17
1A0600A,[C0,0,0,0,0,9E,40,0],20
131726C,[0,8C,2C,D2,40,0,0,3F],18
12173BE,[80,31,40,2,0,80,80,2],17
217FFC,[3,6B,50,D8,F0,58,0,0],17
2C1302A,[C0,4,0,C0,13,8,80,0],17
C00402,[43,10,0,28,0,0,0,12],17
3200408,[11,DE,53,0,20,0,10,0],17
131726C,[0,8C,2C,D2,40,0,0,3F],17
131726C,[0,8C,2C,D2,40,0,0,3F],17
4600002,[0,0,0,0,0,0,1,3],17
217FFC,[3,6B,50,D8,F0,58,0,0],17
131726C,[0,8C,2C,D2,40,0,0,3F],17
381526C,[0,1,5,BC,5,28,3D,30],18
E01008,[3,E1,9C,0,0,66,55,0],17
3C01428,[1,80,69,94,E,73,0,0],17
2510000,[0,0,0,0,0,4,0,66],20
14034A2,[0,5B,0,4,89,3,4,0],17
217FFC,[3,EB,50,D8,F0,58,0,0],17
12173BE,[0,31,40,2,0,80,80,2],17
C00402,[C3,10,0,28,0,0,0,12],17
E01008,[3,E1,9C,0,0,66,55,0],17
131726C,[0,8C,2C,D2,40,0,0,3F],17
381526C,[0,1,5,BC,5,28,3D,30],17
2C1302A,[0,4,0,C0,13,8,80,0],17
2510000,[0,0,0,0,0,4,0,66],17
1E0162A,[0,11,0,40,15,0,59,0],18
1A0600A,[0,0,0,0,0,9E,40,0],17
1E0162A,[40,11,0,48,15,0,19,0],17
217FFC,[1,EB,50,D8,F0,58,0,0],17
14034A2,[0,5B,0,4,89,3,4,0],17
131726C,[0,8C,2C,D2,40,0,0,3F],17
1E0162A,[C0,11,0,40,15,0,59,0],20
1A0600A,[80,0,0,0,0,9E,40,0],17
1E0162A,[0,11,0,40,15,0,19,0],17
131726C,[0,8C,2C,D2,40,0,0,3F],17
1E0162A,[40,11,0,40,15,0,99,2],18
2300492,[0,0,0,0,0,0,0,4],17
1E0162A,[80,11,0,40,15,0,59,0],17
2C1302A,[0,4,0,BF,13,8,80,0],17
E01008,[3,E1,9C,0,0,66,55,0],17
3C01428,[81,81,49,94,E,73,0,0],18
E01008,[3,E1,9C,0,0,66,55,0],17
14034A2,[0,5B,0,4,89,3,4,0],17
381526C,[0,1,5,BC,5,28,3D,30],17
4000002,[0,0,0,4,6,4,27,EF],17
217FFC,[3,6B,50,D8,F0,58,0,0],17
E01008,[3,E1,9C,0,0,66,55,0],20
2202262,[0,2,1,0,50,0,40,0],17
3200408,[11,DE,53,0,20,0,10,0],17
C00402,[3,10,0,28,0,0,0,12],17
131726C,[0,8C,2C,D2,40,0,0,3F],18
E01008,[3,E1,9C,0,0,66,55,0],17
1601422,[0,0,0,1,34,90,6,73],17
2616CFC,[9,52,0,F,33,1A,F,3D],17
217FFC,[3,6B,50,D8,F0,58,0,0],17
14034A2,[0,5B,0,4,89,3,4,0],17
1017FFC,[2,4F,C,73,6B,4,27,EF],17
2C1302A,[40,4,0,BF,13,8,80,0],17
1A0600A,[C0,0,0,0,0,9E,40,0],17
3A04004,[0,B8,FF,FF,FF,FF,FF,FF],17
2616CFC,[9,52,0,F,33,1A,F,3D],18
2510000,[0,0,0,0,0,4,0,66],20
12173BE,[40,21,40,2,0,0,80,2],18
131726C,[0,8C,2C,D2,40,0,0,3F],17
381526C,[0,1,5,BC,5,28,3D,30],17
2202262,[0,2,5,0,50,0,40,0],17
3C01428,[1,80,79,94,E,73,0,0],17
12173BE,[C0,21,40,2,0,0,80,2],17
2C1302A,[0,4,0,BF,13,8,80,0],17
217FFC,[1,EB,50,D8,F0,58,0,0],17
4600002,[0,0,0,0,0,0,1,3],17
3A04004,[0,A8,FF,FF,FF,FF,FF,FF],18
E01008,[3,A1,9C,0,0,66,55,0],17
2300492,[0,0,0,0,0,0,0,4],16
3600008,[0,8,B0,64,30,0,1,3B],17
12173BE,[80,21,40,2,0,0,80,2],17
217FFC,[1,EB,50,D8,F0,58,0,0],17
C00402,[3,10,0,28,0,0,0,12],15
3000042,[0,0,1,B0,1E,0,B9,B0],17
E01008,[3,E1,9C,0,0,66,55,0],18
1E0162A,[C1,11,0,40,15,0,19,0],17
2616CFC,[9,52,0,F,33,1A,F,3D],17
131726C,[0,8C,2C,D2,40,0,0,3F],17
12173BE,[40,31,40,2,0,80,80,2],17
3000042,[0,0,1,B0,1E,0,B9,B0],17
131726C,[0,8C,2C,D2,40,0,0,3F],18
E01008,[3,E1,9C,0,0,66,55,0],17
1A0600A,[40,0,0,0,0,9E,40,0],17
2803008,[CF,E1,FF,3F,3D,F,22,92],17
2510000,[0,0,0,0,0,4,0,66],17
1A0600A,[80,0,0,0,0,9E,40,0],18
C00402,[83,10,0,28,0,0,0,12],17
4000002,[0,0,0,4,6,4,27,EF],20
E01008,[3,E1,9C,0,0,66,55,0],17
2202262,[0,2,5,0,50,0,40,0],18
381526C,[0,1,5,BC,5,28,3D,30],17
12173BE,[80,21,40,2,0,0,80,2],17
217FFC,[1,6B,50,D8,F0,58,0,0],17
131726C,[0,8C,2A,D2,40,0,0,3F],17
1601422,[0,0,0,1,34,90,6,73],18
C00402,[83,10,0,28,0,0,0,12],17
2300492,[0,0,0,0,0,0,0,4],17
2C1302A,[40,0,0,BF,13,8,80,0],17
2510000,[0,0,0,0,0,4,0,66],17
217FFC,[1,6B,50,D8,F0,58,0,0],17
1017FFC,[1,1F,15,C2,58,A5,0,C],17
2C1302A,[80,4,0,BE,13,8,80,0],18
2202262,[0,2,1,0,50,0,40,0],20
131726C,[0,8C,2A,D2,40,0,0,3F],17
12173BE,[C0,21,40,2,0,0,80,2],17
2300492,[0,0,0,0,0,0,0,4],18
131726C,[0,8C,2A,D2,40,0,0,3F],17
2006428,[1,E3,E0,0,0,2,0,1],17
217FFC,[1,6B,50,D8,F0,58,0,0],17
12173BE,[40,21,40,2,0,0,80,2],18
131726C,[0,8C,30,D2,40,0,0,3F],17
4000002,[0,0,0,4,6,4,27,EF],17
2C1302A,[40,4,0,BE,13,8,80,0],17
3C01428,[1,0,39,94,E,73,0,0],18
2616CFC,[9,52,0,F,33,1A,F,3D],17
217FFC,[1,6B,50,D8,F0,58,0,0],17
131726C,[0,8C,30,D2,40,0,0,3F],17
3E0004A,[0,0,0,0,1D,E0,40,0],21
2803008,[4D,E1,FF,3F,3D,F,22,91],17
E01008,[3,E1,9C,0,0,65,55,0],17
131726C,[0,8C,30,D2,40,0,0,3F],17
3200408,[11,DE,53,0,24,0,10,0],18
12173BE,[80,21,40,2,0,0,80,2],17
3A04004,[0,A8,FF,FF,FF,FF,FF,FF],17
1E0162A,[C0,11,0,40,15,0,99,2],17
1A0600A,[0,0,0,0,0,9E,40,0],17
3C01428,[41,80,49,94,E,73,0,0],18
2C1302A,[40,4,0,BF,13,8,80,0],17
2300492,[0,0,0,0,0,0,0,4],17
131726C,[0,8C,30,D2,40,0,0,3F],17
2510000,[0,0,0,0,0,4,0,66],18
217FFC,[1,6B,50,D8,F0,58,0,0],17
1017FFC,[1B,1,2,1,1,1,1,1],17
2202262,[0,2,1,0,50,0,40,0],20
C00402,[C3,0,0,28,0,0,0,12],18
4000002,[0,0,0,4,6,4,27,EF],17
131726C,[0,8C,30,D2,40,0,0,3F],17
217FFC,[7,6B,40,D8,E8,58,0,0],17
2616CFC,[9,56,0,F,33,1A,F,3D],18
2510000,[0,0,0,0,0,4,0,66],17
12173BE,[40,31,40,6,0,80,80,2],17
C00402,[83,0,0,28,0,0,0,12],17
381526C,[0,1,5,BC,D,28,3D,30],17
12173BE,[80,21,40,6,0,0,80,2],18
2510000,[0,0,0,0,0,4,0,66],17
2803008,[4D,E1,FF,3F,3D,17,22,4B],17
131726C,[0,C,32,D2,40,0,0,3F],17
3200408,[11,5E,53,0,24,0,10,0],18
1017FFC,[20,12,2,1,1,1,1,2],20
131726C,[0,C,32,D2,40,0,0,3F],17
E01008,[3,61,94,0,0,65,4C,0],17
2202262,[0,2,0,0,50,0,40,0],18
3600008,[0,8,80,44,30,0,1,3D],17
131726C,[0,C,32,D2,40,0,0,3F],17
217FFC,[5,4B,42,D8,E8,58,0,0],17
C00402,[3,0,0,28,0,0,0,12],18
1601422,[0,0,0,1,34,90,6,73],17
C00402,[43,0,0,28,0,0,0,12],17
1E0162A,[0,11,0,40,17,0,99,2],17
14034A2,[0,5B,0,4,89,3,4,0],17
1E0162A,[40,11,0,40,17,0,59,0],18
217FFC,[5,4B,42,D8,E8,58,0,0],17
217FFC,[7,4B,42,D8,E8,58,0,0],17
381526C,[0,1,5,BC,D,28,3D,30],21
2202262,[0,2,0,0,50,0,40,0],17
3000042,[0,0,1,B0,E,0,B9,B0],17
131726C,[0,C,32,D2,40,0,0,3F],17
14034A2,[0,5B,0,4,89,3,4,0],17
1A0600A,[C0,0,0,0,0,9E,40,0],17
1601422,[0,0,0,1,34,90,6,73],17
217FFC,[5,4B,42,D8,E8,58,0,0],17
1A0600A,[0,0,0,0,0,9E,40,0],18
1E0162A,[C0,11,0,48,17,0,59,0],17
381526C,[0,1,5,BC,D,28,3D,30],17
2300492,[0,0,0,0,0,0,0,4],17
131726C,[0,C,2A,D2,40,0,0,3F],17
1E0162A,[40,11,0,40,17,0,59,0],17
217FFC,[5,4B,42,D8,E8,58,0,0],17
1E0162A,[80,11,0,40,17,0,19,0],17
12173BE,[0,21,40,6,0,0,80,2],15
14034A2,[0,5B,0,4,89,3,4,0],18
3A04004,[0,A0,FF,FF,FF,FF,FF,FF],17
217FFC,[5,4B,42,D8,E8,58,0,0],17
E01008,[3,61,94,0,0,65,4C,0],17
4900002,[0,0,0,0,15,C2,58,B4],22
217FFC,[7,4B,42,D8,E8,58,0,0],17
1A0600A,[40,0,0,0,0,9E,40,0],17
C00402,[83,10,0,29,0,0,0,13],17
3200408,[11,3E,53,0,24,0,10,0],17
217FFC,[5,4B,42,D8,E8,58,0,0],17
2510000,[0,0,0,0,0,4,0,66],17
217FFC,[5,4B,42,D8,E8,58,0,0],17
12173BE,[40,31,40,6,0,80,80,2],17
14034A2,[0,5B,0,4,89,3,4,0],17
381526C,[0,1,5,BC,D,28,3D,30],20
E01008,[3,61,94,0,0,65,4C,0],17
217FFC,[5,4B,42,D8,E8,58,0,0],17
2300492,[0,0,0,0,0,0,0,4],17
2C1302A,[0,4,0,B6,13,8,80,0],17
2510000,[0,0,0,0,0,4,0,66],17
1A0600A,[80,0,0,0,0,9E,40,0],17
C00402,[3,10,0,29,0,0,0,13],18
E01008,[3,61,94,0,0,65,4C,0],17
2202262,[0,2,0,0,50,0,40,0],17
2803008,[8D,E1,FF,3F,3D,17,20,0],17
12173BE,[80,31,40,6,0,80,80,2],17
217FFC,[7,4B,42,D8,E8,48,0,0],17
4000002,[0,0,0,4,6,4,27,EF],17
131726C,[0,C,35,D2,40,0,0,3F],18
3200408,[11,7E,53,0,24,0,10,0],20
131726C,[0,C,35,D2,40,0,0,3F],17
2616CFC,[9,56,0,F,33,5A,F,3D],17
217FFC,[5,4B,42,D8,E8,48,0,0],17
2C1302A,[0,4,0,B5,13,8,80,0],17
E01008,[3,61,94,0,0,65,4C,0],17
C00402,[83,0,0,29,0,0,0,13],17
2202262,[0,2,0,0,50,0,40,0],17
2C1302A,[40,0,0,B5,13,8,80,0],17
12173BE,[C0,21,40,6,0,0,80,2],18
14034A2,[0,5B,0,4,89,3,4,0],17
217FFC,[7,4B,42,D8,E0,48,0,0],17
217FFC,[5,4B,42,D8,E0,48,0,0],17
C00402,[43,0,0,29,0,0,0,13],17
1A0600A,[80,0,0,0,0,9E,52,0],17
14034A2,[0,5B,0,4,89,3,4,0],17
3600008,[0,8,80,40,30,0,0,3D],21
1A0600A,[C0,0,0,0,0,9E,52,0],17
3A04004,[0,B0,FF,FF,FF,FF,FF,FF],17
2C1302A,[0,4,0,B6,13,8,80,0],17
2202262,[0,2,2,0,50,0,40,0],17
3C01428,[40,0,71,94,E,73,0,0],17
131726C,[0,C,2A,92,40,0,0,3F],17
2C1302A,[40,0,0,B6,13,8,80,0],18
E01008,[3,61,8C,0,0,65,4C,0],17
1601422,[0,0,0,1,34,90,6,73],17
2803008,[CD,E4,0,0,0,17,20,0],17
2510000,[0,0,0,0,0,4,0,66],18
14034A2,[0,5B,0,4,89,3,4,0],17
C00402,[3,0,0,0,0,0,0,11],17
1E0162A,[0,11,0,40,17,0,99,0],17
3200408,[11,7E,53,0,24,0,10,0],21
1E0162A,[40,11,0,40,17,0,59,0],17
14034A2,[0,5B,0,4,89,3,4,0],17
1A0600A,[40,0,0,0,0,9E,52,0],18
131726C,[0,C,2A,92,40,0,0,3F],17
E01008,[3,61,8C,0,0,65,4C,0],17
1A0600A,[80,0,0,0,0,9E,52,0],17
1E0162A,[0,11,0,40,17,0,59,0],17
2300492,[0,0,0,0,0,0,0,4],17
12173BE,[C0,21,40,6,0,0,80,2],17
4200002,[E4,0,7C,5F,5A,6C,4F,0],18
1E0162A,[80,11,0,40,17,0,19,0],17
217FFC,[7,4B,42,D8,E0,48,0,0],17
131726C,[0,C,2A,92,40,0,0,3F],17
C00402,[C3,10,0,0,0,0,0,F],17
2202262,[0,2,2,0,50,0,40,0],20
3C01428,[C0,0,51,94,E,73,0,0],17
1E0162A,[40,11,0,40,17,0,59,0],17
2C1302A,[0,0,0,B6,13,8,80,0],17
2510000,[0,0,0,0,0,4,0,66],17
2202262,[0,2,2,0,50,0,40,0],17
1017FFC,[1D,7,2,1,1,1,1,1],17
3E0004A,[0,0,0,0,1D,E0,40,0],18
14034A2,[0,5B,0,4,89,3,4,0],17
2510000,[0,0,0,0,0,4,0,66],17
217FFC,[5,4B,42,D8,E0,48,0,0],17
2006428,[1,3,E0,0,0,2,0,1],17
217FFC,[5,4B,42,D8,E0,48,0,0],17
2202262,[0,2,2,0,50,0,40,0],17
3000042,[0,0,1,B0,1F,0,39,B0],17
131726C,[0,C,2E,92,40,0,0,3F],17
2300492,[0,0,0,0,0,0,0,4],20
1A0600A,[C0,0,0,0,0,9E,52,80],17
2006428,[1,3,E0,0,0,2,0,1],17
217FFC,[5,4B,42,D8,E0,48,0,0],18
12173BE,[40,21,40,6,0,0,80,2],17
14034A2,[0,5B,0,4,89,3,4,0],17
C00402,[43,10,0,0,0,0,0,C],17
E01008,[3,61,8C,0,0,65,4C,0],17
131726C,[0,C,2E,92,40,0,0,3F],17
2803008,[D,E4,0,0,0,17,20,0],17
217FFC,[5,4B,42,D8,E0,48,0,0],17
3C01428,[40,80,51,94,E,73,0,0],17
131726C,[0,C,32,92,40,0,0,3F],17
C00402,[3,0,0,0,0,0,0,B],17
E01008,[3,61,8C,0,0,65,4C,0],17
1601422,[0,0,0,1,34,90,6,73],17
2616CFC,[9,52,0,0,0,50,0,0],21
217FFC,[5,4B,42,D8,E0,48,0,0],17
217FFC,[7,4B,42,D8,E0,48,0,0],17
1E0162A,[40,11,0,40,17,0,99,0],16
4200002,[E4,0,1C,36,5A,6C,4F,0],16
3200408,[11,3E,53,0,24,0,10,0],17
217FFC,[5,4B,42,D8,E0,48,0,0],17
2202262,[0,2,2,0,50,0,40,0],17
217FFC,[5,4B,42,D8,E0,48,0,0],17
217FFC,[7,4B,42,D8,E0,48,0,0],17
14034A2,[0,5B,0,4,89,3,4,0],17
3000042,[0,0,1,B0,1F,0,39,B0],17
131726C,[0,C,32,92,40,0,0,3F],17
1E0162A,[80,11,0,48,17,0,59,0],17
2616CFC,[9,42,0,0,0,50,0,0],17
131726C,[0,C,32,92,40,0,0,3F],20
C00402,[3,10,0,0,0,0,0,8],18
217FFC,[5,4B,42,D8,E0,48,0,0],17
C00402,[43,10,0,0,0,0,0,8],17
1E0162A,[40,11,0,40,17,0,19,0],17
2202262,[0,2,2,0,50,0,40,0],17
2300492,[0,0,0,0,0,0,0,4],17
12173BE,[80,31,40,6,0,80,80,2],17
2510000,[0,0,0,0,0,4,0,66],17
2C1302A,[80,0,0,B7,13,8,80,0],17
131726C,[0,C,32,92,40,0,0,3F],17
3200408,[11,7E,53,0,24,0,10,0],17
131726C,[0,C,32,92,40,0,0,3F],17
131726C,[0,C,32,92,40,0,0,3F],16
217FFC,[5,4B,42,D8,E0,48,0,0],17
3E0004A,[0,0,0,0,1D,E0,40,0],20
131726C,[0,C,32,92,40,0,0,3F],17
C00402,[C3,0,0,0,0,0,0,6],17
1601422,[0,0,0,1,34,90,6,73],17
3C01428,[0,1,51,94,E,73,0,0],17
12173BE,[C0,21,40,6,0,0,80,2],18
14034A2,[0,5B,0,4,89,3,4,0],17
2510000,[0,0,0,0,0,4,0,66],17
12173BE,[0,31,40,6,0,80,80,2],17
1017FFC,[1E,1,3,1,1,1,1,1],17
3000042,[0,0,1,B0,1F,0,39,B0],17
131726C,[0,C,32,92,40,0,0,3F],17
3200408,[11,7E,53,0,24,0,10,0],17
12173BE,[80,21,40,6,0,0,80,2],17
131726C,[0,C,32,92,40,0,0,3F],17
2300492,[0,0,0,0,0,0,0,4],17
1A0600A,[0,0,0,0,0,9E,52,80],20
3200408,[1,7E,53,0,24,0,10,0],17
C00402,[83,10,0,0,0,0,0,4],18
2803008,[D,E4,0,0,0,17,20,0],17
131726C,[0,C,32,92,40,0,0,3F],17
2510000,[0,0,0,0,0,4,0,66],17
E01008,[3,61,8C,0,0,65,4C,0],17
C00402,[3,10,0,0,0,0,0,4],17
131726C,[0,C,2A,92,40,0,0,3F],17
C00402,[43,0,0,0,0,0,0,4],17
3A04004,[0,B0,FF,FF,FF,FF,FF,FF],17
131726C,[0,C,2A,92,40,0,0,3F],17
217FFC,[7,4B,42,D8,E0,48,0,0],17
E01008,[3,61,8C,0,0,65,4C,0],17
3C01428,[80,0,71,94,E,73,0,0],17
E01008,[3,61,8C,0,0,65,4C,0],20
14034A2,[0,5B,0,4,89,3,4,0],17
3000042,[0,0,1,B0,1F,0,39,B0],17
E01008,[3,61,8C,0,0,65,4C,0],17
2510000,[0,0,0,0,0,4,0,66],17
2616CFC,[9,52,0,0,0,50,0,0],17
131726C,[0,C,2A,92,40,0,0,3F],17
1E0162A,[40,11,0,40,17,0,99,0],17
2C1302A,[80,4,0,B7,13,8,80,0],17
1E0162A,[80,11,0,40,17,0,5B,0],17
E01008,[3,61,8C,0,0,65,4C,0],18
1E0162A,[C0,11,0,48,17,0,1B,0],17
2803008,[CD,E4,0,0,0,17,20,0],17
2510000,[0,0,0,0,0,4,0,66],17
14034A2,[0,5B,0,4,89,3,4,0],17
C00402,[83,10,0,0,0,0,0,4],17
12173BE,[C0,21,40,6,0,0,80,2],21
E01008,[3,61,8C,0,0,65,4C,0],17
1B500000,[0,0,0,0,0,0,0,0],17
2202262,[0,2,2,0,50,0,40,0],17
217FFC,[7,4B,42,D8,E0,48,0,0],17
1E0162A,[0,11,0,48,17,0,59,0],18
131726C,[0,C,2E,92,40,0,0,7F],17
1E0162A,[40,11,0,40,17,0,99,0],17
C00402,[83,10,0,0,0,0,0,4],17
3C01428,[0,0,11,94,E,73,0,0],18
12173BE,[C0,21,40,6,0,0,80,2],17
14034A2,[0,5B,0,4,89,3,4,0],17
217FFC,[5,4B,42,D8,E0,48,0,0],17
12173BE,[0,31,40,6,0,80,80,2],17
3A04004,[0,B0,FF,FF,FF,FF,FF,FF],17
3000042,[0,0,1,B0,1F,0,39,B0],20
131726C,[0,C,2E,92,40,0,0,3F],17
381526C,[0,1,5,BC,D,28,3D,30],17
2C1302A,[40,4,0,B7,13,8,80,0],18
131726C,[0,C,2E,92,40,0,0,3F],17
2006428,[1,3,E0,0,0,2,0,1],17
1601422,[0,0,0,1,34,90,6,73],17
3C01428,[40,81,41,94,E,73,0,0],17
12173BE,[0,21,40,6,0,0,80,2],18
14034A2,[0,5B,0,4,89,3,4,0],17
3A04004,[0,A0,FF,FF,FF,FF,FF,FF],17
131726C,[0,C,2E,92,40,0,0,3F],17
2006428,[1,3,E0,0,0,2,0,1],17
381526C,[0,1,5,BC,D,28,3D,30],17
2202262,[0,2,0,0,50,0,40,0],17
1A0600A,[40,0,0,0,0,9E,52,80],20
12173BE,[C0,31,40,6,0,80,80,2],18
3200408,[11,3E,53,0,24,0,10,0],17
2C1302A,[40,4,0,B7,13,8,80,0],17
2616CFC,[9,46,0,0,0,50,0,0],17
217FFC,[5,4B,42,D8,E0,48,0,0],18
217FFC,[7,4B,42,D8,E0,48,0,0],17
2C1302A,[80,4,0,B6,13,8,80,0],17
3000042,[0,0,1,B0,1F,0,39,B0],17
131726C,[0,C,2C,92,40,0,0,3F],17
217FFC,[5,4B,42,D8,E0,48,0,0],17
1A0600A,[40,0,0,0,0,9E,52,80],17
2202262,[0,2,0,0,50,0,40,0],17
217FFC,[7,4B,42,D8,E0,48,0,0],17
1A0600A,[80,0,0,0,0,9E,52,80],17
C00402,[83,10,0,0,0,0,0,4],17
E01008,[3,61,88,0,0,65,4C,0],21
1601422,[0,0,0,1,34,90,6,73],17
2C1302A,[40,4,0,B6,13,8,80,0],17
131726C,[0,C,2C,92,40,0,0,3F],17
4200002,[E4,0,1C,0,5A,6C,4F,0],17
217FFC,[5,4B,42,D8,E0,48,0,0],17
1601422,[0,0,0,1,34,90,6,73],17
3200408,[11,7E,53,0,24,0,10,0],17
1E0162A,[0,11,0,40,17,0,99,0],18
2300492,[0,0,0,0,0,0,0,4],17
1E0162A,[40,11,0,40,17,0,19,0],17
2510000,[0,0,0,0,0,4,0,66],17
217FFC,[5,4B,42,D8,E0,48,0,0],17
1017FFC,[1,F,15,C2,58,DC,FF,F3],17
1601422,[0,0,0,1,34,90,6,73],17
3C01428,[0,80,41,94,E,73,0,0],20
12173BE,[C0,21,40,6,0,0,80,2],18
2C1302A,[40,4,0,B6,13,8,80,0],17
1A0600A,[40,0,0,0,0,9E,52,80],17
1601422,[0,0,0,1,34,90,6,73],17
217FFC,[7,4B,42,D8,E0,48,0,0],17
1A0600A,[80,0,0,0,0,9E,52,80],17
1E0162A,[C0,11,0,40,17,0,59,0],22
131726C,[0,C,2C,92,40,0,0,3F],17
1601422,[0,0,0,1,34,90,6,73],17
3A04004,[0,B0,FF,FF,FF,FF,FF,FF],18
131726C,[0,C,2C,92,40,0,0,3F],17
2300492,[0,0,0,0,0,0,0,4],17
217FFC,[5,4B,42,D8,E0,48,0,0],17
131726C,[0,C,2C,92,40,0,0,3F],17
1E0162A,[C0,11,0,48,17,0,19,0],20
C00402,[3,10,0,0,0,0,0,4],17
14034A2,[0,5B,0,4,89,3,4,0],17
131726C,[0,C,2C,92,40,0,0,3F],17
3E0004A,[0,0,0,0,1D,E0,40,0],18
1A0600A,[C0,0,0,0,0,9E,52,80],17
131726C,[0,C,2C,92,40,0,0,3F],17
1601422,[0,0,0,1,34,90,6,73],17
1A0600A,[0,0,0,0,0,9E,52,80],17
12173BE,[0,21,40,6,0,0,80,2],18
1E0162A,[0,11,0,48,17,0,59,0],17
1A0600A,[40,0,0,0,0,9E,52,80],17
1E0162A,[40,11,0,40,17,0,99,0],17
2006428,[1,3,E0,0,0,2,0,1],18
217FFC,[5,4B,42,D8,E0,48,0,0],17
2202262,[0,2,0,0,50,0,40,0],20
1E0162A,[C0,11,0,40,17,0,59,0],17
C00402,[C3,0,0,0,0,0,0,4],18
3200408,[11,7E,53,0,24,0,10,0],17
131726C,[0,C,2E,92,40,0,0,3F],17
2300492,[0,0,0,0,0,0,0,4],17
217FFC,[5,4B,42,D8,E0,48,0,0],18
217FFC,[7,4B,42,D8,E0,48,0,0],17
14034A2,[0,5B,0,4,89,3,4,0],17
1E0162A,[C0,11,0,40,17,0,99,0],17
3000042,[0,0,1,B0,1F,0,39,B0],18
1E0162A,[0,11,0,40,17,0,59,0],17
2803008,[8D,E4,0,0,0,17,20,0],17
2C1302A,[0,4,0,B6,13,8,80,0],17
131726C,[0,C,2E,92,40,0,0,3F],18
4000002,[0,0,0,4,6,4,27,EF],17
1017FFC,[16,1,61,2,1,2,1,2],20
131726C,[0,C,2E,92,40,0,0,3F],17
14034A2,[0,5B,0,4,89,3,4,0],18
381526C,[0,1,5,BC,D,28,3D,30],17
12173BE,[80,31,40,6,0,80,80,2],17
1E0162A,[40,11,0,40,17,0,99,0],17
2616CFC,[9,52,0,0,0,50,0,0],18
1E0162A,[80,11,0,40,17,0,59,0],17
131726C,[0,C,2E,92,40,0,0,3F],17
1E0162A,[C1,11,0,40,17,0,19,0],18
3A04004,[0,A0,FF,FF,FF,FF,FF,FF],17
131726C,[0,C,2E,92,40,0,0,3F],17
2300492,[0,0,0,0,0,0,0,4],17
2803008,[CD,E4,0,0,0,17,20,0],17
2510000,[0,0,0,0,0,4,0,66],18
14034A2,[0,5B,0,4,89,3,4,0],20
1017FFC,[1,F,15,C2,58,E8,0,C],17
1E0162A,[C0,11,0,40,17,0,99,0],18
C00402,[43,10,0,0,0,0,0,4],17
1E0162A,[0,11,0,40,17,0,59,0],17
2202262,[0,2,0,0,50,0,40,0],17
2300492,[0,0,0,0,0,0,0,4],18
217FFC,[5,4B,42,D8,E0,48,0,0],17
2C1302A,[C0,4,0,B6,13,8,80,0],17
381526C,[0,1,5,BC,D,28,3D,30],17
1601422,[0,0,0,1,34,90,6,73],17
1A0600A,[40,0,0,0,0,9E,52,80],17
2C1302A,[0,4,0,B6,13,8,80,0],17
14034A2,[0,5B,0,4,89,3,4,0],17
217FFC,[5,4B,42,D8,E0,48,0,0],17
12173BE,[0,21,40,6,0,0,80,2],17
131726C,[0,C,2A,92,40,0,0,3F],20
1017FFC,[5,0,37,9A,40,26,8,34],17
14034A2,[0,5B,0,4,89,3,4,0],17
381526C,[0,1,5,BC,D,28,3D,30],17
12173BE,[80,21,40,6,0,0,80,2],17
217FFC,[5,4B,42,D8,E0,48,0,0],17
E01008,[3,61,88,0,0,65,4C,0],17
1601422,[0,0,0,1,34,90,6,73],17
C00402,[83,10,0,0,0,0,0,4],17
3000042,[0,0,1,B0,1F,0,39,B0],17
131726C,[0,C,2A,92,40,0,0,3F],17
2C1302A,[0,0,0,B6,13,8,80,0],18
217FFC,[5,4B,42,D8,E0,48,0,0],17
E01008,[3,61,88,0,0,65,4C,0],17
3C01428,[C0,80,51,94,E,73,0,0],17
3000042,[0,0,1,B0,1F,0,39,B0],20
131726C,[0,C,2C,92,40,0,0,3F],17
C00402,[83,10,0,0,0,0,0,4],17
2300492,[0,0,0,0,0,0,0,4],17
131726C,[0,C,2C,92,40,0,0,3F],17
1601422,[0,0,0,1,34,90,6,73],17
217FFC,[5,4B,42,D8,E0,48,0,0],17
C00402,[3,10,0,0,0,0,0,4],17
131726C,[0,C,2C,92,40,0,0,3F],18
C00402,[43,0,0,0,0,0,0,4],17
1E0162A,[80,11,0,40,17,0,19,0],17
3C01428,[0,0,61,94,E,73,0,0],17
2300492,[0,0,0,0,0,0,0,4],17
217FFC,[5,4B,42,D8,E0,48,0,0],17
131726C,[0,C,2C,92,40,0,0,3F],17
12173BE,[0,31,40,6,0,80,80,2],20
C00402,[3,10,0,0,0,0,0,4],17
3000042,[0,0,1,B0,1F,0,39,B0],17
1601422,[0,0,0,1,34,90,6,73],17
2616CFC,[9,52,0,0,0,50,0,0],17
217FFC,[5,4B,42,D8,E0,48,0,0],17
14034A2,[0,5B,0,4,89,3,4,0],17
1E0162A,[1,11,0,40,17,0,99,0],17
3000042,[0,0,1,B0,1F,0,39,B0],17
E01008,[3,61,88,0,0,65,4C,0],17
4000002,[0,0,0,4,6,4,27,EF],17
1601422,[0,0,0,1,34,90,6,73],17
131726C,[0,C,30,92,40,0,0,3F],17
C00402,[43,10,0,0,0,0,0,4],17
2202262,[0,2,0,0,50,0,40,0],17
C00402,[83,10,0,0,0,0,0,4],17
12173BE,[80,21,40,6,0,0,80,2],20
217FFC,[5,4B,42,D8,E0,48,0,0],18
2803008,[8D,E4,0,0,0,17,20,0],17
14034A2,[0,5B,0,4,89,3,4,0],17
217FFC,[7,4B,42,D8,E0,48,0,0],17
3E0004A,[0,0,0,0,1D,E0,40,0],17
131726C,[0,C,30,92,40,0,0,3F],17
E01008,[3,61,88,0,0,65,4C,0],17
1601422,[0,0,0,1,34,90,6,73],17
131726C,[0,C,30,92,40,0,0,3F],17
217FFC,[5,4B,42,D8,E0,48,0,0],17
217FFC,[7,4B,42,D8,E0,48,0,0],17
131726C,[0,C,30,92,40,0,0,3F],17
C00402,[3,0,0,0,0,0,0,4],17
3200408,[1,7E,53,0,24,0,10,0],17
131726C,[0,C,30,92,40,0,0,3F],17
2616CFC,[9,52,0,0,0,50,0,0],17
217FFC,[5,4B,42,D8,E0,48,0,0],17
2300492,[0,0,0,0,0,0,0,4],17
217FFC,[5,4B,42,D8,E0,48,0,0],17
1017FFC,[2,4F,C,73,66,4,27,EF],17
1601422,[0,0,0,1,34,90,6,73],17
131726C,[0,C,30,92,40,0,0,3F],17
2803008,[D,E4,0,0,0,17,60,0],17
14034A2,[0,5B,0,4,89,3,4,0],17
2510000,[0,0,0,0,0,4,0,66],17
12173BE,[0,31,40,6,0,80,80,2],17
3000042,[0,0,1,B0,1F,0,39,B0],17
131726C,[0,C,2C,92,40,0,0,3F],18
2C1302A,[40,4,0,B6,13,8,80,0],17
3200408,[1,7E,53,0,24,0,10,0],17
12173BE,[80,31,40,6,0,80,80,2],20
217FFC,[7,4B,42,D8,E0,48,0,0],17
2616CFC,[9,52,0,0,0,50,0,0],18
217FFC,[7,4B,42,D8,E0,48,0,0],17
131726C,[0,C,2C,92,40,0,0,3F],17
12173BE,[0,31,40,6,0,80,80,2],17
3A04004,[0,A0,FF,FF,FF,FF,FF,FF],18
131726C,[0,C,2C,92,40,0,0,3F],17
2510000,[0,0,0,0,0,4,0,66],17
2803008,[4F,E4,0,0,0,17,20,0],17
217FFC,[7,4B,42,D8,E0,48,0,0],17
2202262,[0,2,0,0,50,0,40,0],18
C00402,[43,10,0,0,0,0,0,4],17
3000042,[0,0,1,B0,1F,0,39,B0],17
14034A2,[0,5B,0,4,89,3,4,0],17
1E0162A,[C0,11,0,40,17,0,59,0],20
2616CFC,[9,52,0,0,0,50,0,0],17
3A04004,[0,A0,FF,FF,FF,FF,FF,FF],17
217FFC,[5,4B,42,D8,E0,48,0,0],18
3000042,[0,0,1,B0,1F,0,39,B0],17
131726C,[0,C,2C,92,40,0,0,3F],17
C00402,[43,10,0,0,0,0,0,4],17
2510000,[0,0,0,0,0,4,0,66],18
2803008,[4F,E4,0,0,0,17,20,0],17
14034A2,[0,5B,0,4,89,3,4,0],17
217FFC,[5,4B,42,D8,E0,48,0,0],17
12173BE,[0,21,40,6,0,0,80,2],18
131726C,[0,C,2C,92,40,0,0,3F],17
C00402,[3,0,0,0,0,0,0,4],17
1E0162A,[80,11,0,40,17,0,19,0],17
3600008,[0,C,80,64,30,0,1,3D],17
12173BE,[80,21,40,6,0,0,80,2],21
217FFC,[5,4B,42,D8,E0,48,0,0],17
E01008,[3,61,88,0,0,65,4C,0],17
1601422,[0,0,0,1,34,90,6,73],17
1E0162A,[40,11,0,40,17,0,99,0],17
12173BE,[0,31,40,6,0,80,80,2],17
131726C,[0,C,2C,92,40,0,0,3F],17
2300492,[0,0,0,0,0,0,0,4],17
1E0162A,[C0,11,0,40,17,0,59,0],18
131726C,[0,C,2C,92,40,0,0,3F],17
1E0162A,[0,11,0,40,17,0,99,0],17
2202262,[0,2,0,0,50,0,40,0],17
131726C,[0,C,2C,92,40,0,0,3F],18
C00402,[C3,10,0,0,0,0,0,4],17
14034A2,[0,5B,0,4,89,3,4,0],17
131726C,[0,C,2C,92,40,0,0,3F],20
1601422,[0,0,0,1,34,90,6,73],18
217FFC,[5,4B,42,D8,E0,48,0,0],17
1E0162A,[0,11,0,40,17,0,59,0],17
131726C,[0,C,2C,92,40,0,0,3F],17
1E0162A,[40,11,0,40,17,0,19,0],18
1601422,[0,0,0,1,34,90,6,73],17
3C01428,[0,80,31,94,E,73,0,0],17
2C1302A,[0,4,0,B6,13,8,80,0],17
14034A2,[0,5B,0,4,89,3,4,0],17
217FFC,[7,4B,42,D8,E0,48,0,0],18
12173BE,[0,31,40,6,0,80,80,2],17
C00402,[43,10,0,0,0,0,0,4],17
3000042,[0,0,1,B0,1F,0,39,B0],17
131726C,[0,C,2C,92,40,0,0,3F],18
3200408,[1,7E,53,0,24,0,10,0],20
12173BE,[80,21,40,6,0,0,80,2],17
3A04004,[0,A0,FF,FF,FF,FF,FF,FF],17
2616CFC,[9,56,0,0,0,50,0,0],18
2C1302A,[C0,4,0,B6,13,8,80,0],17
3C01428,[40,0,41,94,E,73,0,0],17
12173BE,[0,21,40,6,0,0,80,2],17
14034A2,[0,5B,0,4,89,3,4,0],17
2C1302A,[0,0,0,B6,13,8,80,0],17
131726C,[0,C,2C,92,40,0,0,3F],17
2616CFC,[9,52,0,0,0,50,0,0],17
217FFC,[7,4B,42,D8,E0,48,0,0],17
2202262,[0,2,0,0,50,0,40,0],18
C00402,[3,0,0,0,0,0,0,4],17
12173BE,[C0,31,40,6,0,80,80,2],17
1B500000,[0,0,0,0,0,0,0,0],17
2510000,[0,0,0,0,0,4,0,66],21
1601422,[0,0,0,1,34,90,6,73],17
2300492,[0,0,0,0,0,0,0,4],17
131726C,[0,C,2C,D2,40,0,0,3F],17
14034A2,[0,5B,0,4,89,3,4,0],17
381526C,[0,1,5,BC,D,28,3D,30],17
131726C,[0,C,2C,D2,40,0,0,3F],17
2C1302A,[0,0,0,B5,13,8,80,0],18
2803008,[CD,E1,FF,3F,3D,17,20,0],17
2510000,[0,0,0,0,0,4,0,66],17
217FFC,[5,4B,42,D8,E8,48,0,0],17
1A0600A,[C0,0,0,0,0,DC,DB,80],17
14034A2,[0,5B,0,4,89,3,4,0],17
C00402,[C3,10,0,0,0,0,0,6],17
1601422,[0,0,0,1,34,90,6,73],17
3200408,[1,7E,53,0,24,0,10,0],44
2300492,[0,0,0,0,0,0,0,4],19
12173BE,[C0,21,40,6,0,0,80,2],19
14034A2,[0,5B,0,4,89,3,4,0],19
1E0162A,[0,11,0,40,17,0,19,0],20
2C1302A,[0,0,0,B5,13,8,80,0],19
2510000,[0,0,0,0,0,4,0,66],19
3E0004A,[0,0,0,0,1D,E0,40,0],24
2C1302A,[40,4,0,B5,13,8,80,0],19
12173BE,[80,31,40,6,0,80,80,2],19
3C01428,[0,80,41,94,E,74,0,0],19
1E0162A,[0,11,0,40,17,0,99,2],19
2202262,[0,2,0,0,50,0,40,0],19
1E0162A,[40,11,0,40,17,0,59,0],19
1601422,[0,0,0,1,34,90,6,74],19
217FFC,[5,4B,42,D8,E8,48,0,0],19
2300492,[0,0,0,0,0,0,0,4],22
217FFC,[5,4B,42,D8,E8,48,0,0],19
2510000,[0,0,0,0,0,4,0,66],19
131726C,[0,C,2C,D2,40,0,0,3F],20
217FFC,[7,4B,42,D8,E8,48,0,0],19
1601422,[0,0,0,1,34,90,6,74],19
1E0162A,[80,11,0,40,17,0,19,0],19
3E0004A,[0,0,0,0,1D,E0,40,0],19
14034A2,[0,5B,0,4,89,3,4,0],19
2C1302A,[80,4,0,B3,13,8,80,0],19
2202262,[0,2,0,0,50,0,40,0],20
131726C,[0,C,2C,D2,40,0,0,3F],19
1601422,[0,0,0,1,34,90,6,74],19
1A0600A,[0,0,0,0,0,9C,DB,80],19
C00402,[C3,10,0,0,0,0,0,13],19
3000042,[0,0,1,B0,1F,0,B9,B0],23
131726C,[0,C,2C,D2,40,0,0,3F],19
4000002,[0,0,0,4,6,4,27,EF],19
C00402,[43,0,0,0,0,0,0,13],19
2C1302A,[40,4,0,B2,13,8,80,0],19
381526C,[0,1,5,BC,D,28,3D,30],19
12173BE,[80,21,40,6,0,0,80,2],19
14034A2,[0,5B,0,4,89,3,4,0],19
1A0600A,[0,0,0,0,0,9C,DB,80],20
2202262,[0,2,0,0,50,0,40,0],19
131726C,[0,C,2E,D2,40,0,0,3F],19
1E0162A,[40,11,0,40,17,0,99,2],19
2510000,[0,0,0,0,0,4,0,66],19
217FFC,[5,4B,42,D8,E8,48,0,0],19
131726C,[0,C,2E,D2,40,0,0,3F],19
217FFC,[5,4B,42,D8,E8,48,0,0],20
217FFC,[7,4B,42,D8,E8,48,0,0],17
217FFC,[5,4B,42,D8,E8,48,0,0],19
131726C,[0,C,2E,D2,40,0,0,3F],20
3200408,[11,7E,53,0,24,0,10,0],19
1017FFC,[1F,1,2,8,3,2,12,1],19
2C1302A,[80,0,0,B3,13,8,80,0],19
1E0162A,[C0,11,0,40,17,0,99,2],19
2202262,[0,2,0,0,50,0,40,0],20
C00402,[C3,0,0,0,0,0,0,13],19
E01008,[3,61,90,0,0,65,4C,0],19
C00402,[3,10,0,0,0,0,0,13],20
131726C,[0,C,2E,D2,40,0,0,3F],19
E01008,[3,61,90,0,0,65,4C,0],19
1A0600A,[0,0,0,0,0,9C,DB,80],19
2202262,[0,2,0,0,50,0,40,0],20
131726C,[0,C,2E,D2,40,0,0,3F],22
217FFC,[5,4B,42,D8,E8,48,0,0],19
3600008,[0,8,80,40,30,0,0,3D],20
1A0600A,[80,0,0,0,0,9C,DB,80],19
3A04004,[0,B0,FF,FF,FF,FF,FF,FF],19
131726C,[0,C,2C,D2,40,0,0,3F],20
2202262,[0,2,0,0,50,0,40,0],19
217FFC,[5,4B,42,D8,E8,48,0,0],19
2300492,[0,0,0,0,0,0,0,4],19
131726C,[0,C,2C,D2,40,0,0,3F],19
3E0004A,[0,0,0,0,1D,E0,40,0],19
1E0162A,[80,11,0,40,17,0,99,2],19
2300492,[0,0,0,0,0,0,0,4],19
217FFC,[5,4B,42,D8,E8,48,0,0],19
4000002,[0,0,0,4,6,4,27,EF],19
1601422,[0,0,0,1,34,90,6,74],22
1A0600A,[C0,0,0,0,0,9C,DB,80],19
4900002,[0,0,0,0,15,C2,59,17],19
3C01428,[80,0,41,94,E,74,0,0],19
E01008,[3,61,90,0,0,65,4C,0],19
1E0162A,[C0,11,0,48,17,0,19,0],19
381526C,[0,1,5,BC,D,28,3D,30],20
1E0162A,[0,11,0,40,17,0,99,2],19
14034A2,[0,5B,0,4,89,3,4,0],19
C00402,[83,0,0,0,0,0,0,13],19
3200408,[11,7E,53,0,24,0,10,0],19
3000042,[0,0,1,B0,1F,0,B9,B1],19
131726C,[0,C,2C,D2,40,0,0,3F],19
E01008,[3,61,90,0,0,65,4C,0],19
1601422,[0,0,0,1,34,90,6,74],19
381526C,[0,1,5,BC,D,28,3D,30],20
1E0162A,[40,11,0,40,17,0,99,2],22
14034A2,[0,5B,0,4,89,3,4,0],19
2803008,[D,E1,FF,3F,3D,17,20,0],19
1A0600A,[80,0,0,0,0,9C,DB,80],19
3A04004,[0,B0,FF,FF,FF,FF,FF,FF],19
131726C,[0,C,32,D2,40,0,0,3F],19
2C1302A,[0,0,0,B3,13,8,80,0],19
217FFC,[5,4B,42,D8,E8,48,0,0],20
2510000,[0,0,0,0,0,4,0,66],19
131726C,[0,C,32,D2,40,0,0,3F],19
2300492,[0,0,0,0,0,0,0,4],19
217FFC,[5,4B,42,D8,E8,48,0,0],19
217FFC,[7,4B,42,D8,E8,48,0,0],19
131726C,[0,C,32,D2,40,0,0,3F],19
12173BE,[0,31,40,6,0,80,80,2],19
14034A2,[0,5B,0,4,89,3,4,0],23
1017FFC,[20,12,2,1,1,1,1,2],19
14034A2,[0,5B,0,4,89,3,4,0],18
131726C,[0,C,32,D2,40,0,0,3F],19
1601422,[0,0,0,1,34,90,6,74],19
1E0162A,[0,11,0,48,17,0,19,0],19
3000042,[0,0,1,B0,1F,0,B9,B2],20
131726C,[0,C,32,D2,40,0,0,3F],19
2C1302A,[40,4,0,B2,13,8,80,0],19
C00402,[43,0,0,0,0,0,0,13],19
E01008,[3,61,90,0,0,65,4C,0],19
4000002,[0,0,0,4,6,4,27,EF],19
3600008,[0,8,80,60,30,0,0,3D],19
3E0004A,[0,0,0,0,1D,E0,40,0],19
14034A2,[0,5B,0,4,89,3,4,0],19
2803008,[4D,E1,FF,3F,3D,17,20,0],22
2202262,[0,2,0,0,50,0,40,0],19
217FFC,[5,4B,42,D8,E8,48,0,0],19
2510000,[0,0,0,0,0,4,0,66],19
217FFC,[5,4B,42,D8,E8,48,0,0],19
3A04004,[0,A0,FF,FF,FF,FF,FF,FF],19
2803008,[CD,E1,FF,3F,3D,17,20,0],19
2510000,[0,0,0,0,0,4,0,66],19
217FFC,[5,4B,42,D8,E8,48,0,0],19
2300492,[0,0,0,0,0,0,0,4],19
1601422,[0,0,0,1,34,90,6,74],19
3200408,[11,7E,53,0,24,0,10,0],19
1A0600A,[40,0,0,0,0,9C,DB,80],19
14034A2,[0,5B,0,4,89,3,4,0],19
131726C,[0,C,30,D2,40,0,0,3F],20
1017FFC,[5,0,37,9E,40,26,8,34],19
3C01428,[C0,0,41,94,E,74,0,0],19
1601422,[0,0,0,1,34,90,6,74],19
131726C,[0,C,30,D2,40,0,0,3F],19
131726C,[0,C,2E,D2,40,0,0,3F],19
3200408,[11,7E,53,0,24,0,10,0],19
1E0162A,[40,11,0,48,17,0,19,0],19
3000042,[0,0,1,B0,1F,0,B9,B3],19
E01008,[3,61,90,0,0,65,4C,0],19
1601422,[0,0,0,1,34,90,6,74],19
C00402,[3,0,0,0,0,0,0,13],20
12173BE,[80,31,40,6,0,80,80,2],19
3C01428,[0,81,11,94,E,74,0,0],19
2803008,[8D,E1,FF,3F,3D,17,20,0],19
2202262,[0,2,4,0,50,0,40,0],20
2C1302A,[0,4,0,B2,13,8,80,0],19
2616CFC,[9,56,0,F,33,5A,F,3D],22
1E0162A,[C0,11,0,48,17,0,19,0],19
217FFC,[5,4B,42,D8,E8,48,0,0],20
3200408,[11,7E,53,0,24,0,10,0],19
12173BE,[80,21,40,6,0,0,80,2],19
14034A2,[0,5B,0,4,89,3,4,0],20
2803008,[4D,E1,FF,3F,3D,17,20,0],19
2202262,[0,2,0,0,50,0,40,0],19
1E0162A,[C0,11,0,40,17,0,99,2],19
E01008,[3,61,90,0,0,65,4C,0],20
131726C,[0,C,2E,D2,40,0,0,3F],19
217FFC,[7,4B,42,D8,E8,48,0,0],19
14034A2,[0,5B,0,4,89,3,4,0],19
1017FFC,[21,1,1,7,1,0,0,0],19
2202262,[0,2,0,0,50,0,40,0],20
C00402,[83,0,0,0,0,0,0,13],22
3E0004A,[0,0,0,0,1D,E0,40,0],19
1E0162A,[0,11,0,40,17,0,99,2],19
12173BE,[0,21,40,6,0,0,80,2],20
2C1302A,[80,0,0,B2,13,8,80,0],19
E01008,[3,61,90,0,0,65,4C,0],19
2202262,[0,2,0,0,50,0,40,0],20
381526C,[0,1,5,BC,D,28,3D,30],19
1601422,[0,0,0,1,34,90,6,74],19
14034A2,[0,5B,0,4,89,3,4,0],20
C00402,[C3,0,0,0,0,0,0,13],19
3200408,[11,7E,53,0,24,0,10,0],19
3000042,[0,0,1,B0,1F,0,B9,B4],20
1E0162A,[80,11,0,40,17,0,99,2],19
C00402,[43,10,10,0,0,0,0,13],19
1601422,[0,0,0,1,34,90,6,74],23
3C01428,[C0,0,41,94,E,74,0,0],19
E01008,[3,61,90,0,0,65,4C,0],19
131726C,[0,C,30,D2,40,0,0,3F],20
12173BE,[C0,21,40,6,0,0,80,2],19
C00402,[3,0,0,0,0,0,0,13],19
3A04004,[0,A0,FF,FF,FF,FF,FF,FF],20
1E0162A,[C1,11,0,40,17,0,19,0],19
1B500000,[0,0,0,0,0,0,0,0],19
2C1302A,[0,4,0,B1,13,8,80,0],20
3200408,[11,7E,53,0,24,0,10,0],19
12173BE,[80,31,40,6,0,80,80,2],19
131726C,[0,C,2C,D2,40,0,0,3F],20
2803008,[4D,E1,FF,3F,3D,17,20,0],19
2202262,[0,2,0,0,50,0,40,0],19
217FFC,[5,4B,42,D8,E8,48,0,0],20
131726C,[0,C,2C,D2,40,0,0,3F],19
217FFC,[5,4B,42,D8,E8,48,0,0],19
3E0004A,[0,0,0,0,1D,E0,40,0],19
2616CFC,[9,52,0,F,33,5A,F,3D],19
2510000,[0,0,0,0,0,4,0,66],19
131726C,[0,C,2C,D2,40,0,0,3F],19
E01008,[3,61,90,0,0,65,4C,0],20
217FFC,[5,4B,42,D8,E8,48,0,0],19
4200002,[E4,0,7C,7D,5A,6C,51,2E],19
1E0162A,[40,11,0,40,17,0,19,0],20
1017FFC,[1D,7,2,1,1,1,1,1],19
1E0162A,[80,11,0,40,17,0,59,0],19
1A0600A,[C0,0,0,0,0,9C,C0,80],20
2C1302A,[80,4,0,B1,13,8,80,0],19
131726C,[0,C,2C,D2,40,0,0,3F],19
1A0600A,[0,0,0,0,0,9C,C0,80],23
C00402,[43,10,0,0,0,0,0,13],19
3200408,[11,3E,53,0,24,0,10,0],19
3E0004A,[0,0,0,0,1D,E0,40,0],19
131726C,[0,C,2C,D2,40,0,0,3F],20
E01008,[3,61,90,0,0,65,4C,0],19
1601422,[0,0,0,1,34,90,6,74],19
3000042,[0,0,1,B0,1F,0,B9,B5],20
131726C,[0,C,2C,D2,40,0,0,3F],19
C00402,[43,10,0,0,0,0,0,13],19
12173BE,[C0,21,40,6,0,0,80,2],20
C00402,[83,10,0,0,0,0,0,13],19
3000042,[0,0,1,B0,1F,0,B9,B5],19
1601422,[0,0,0,1,34,90,6,74],20
1E0162A,[0,11,0,40,17,0,99,2],19
1A0600A,[80,0,0,0,0,9C,C0,80],23
2803008,[D,E1,FF,3F,3D,17,20,0],19
131726C,[0,C,2C,D2,40,0,0,3F],19
2C1302A,[0,0,0,B1,13,8,80,0],19
2803008,[4F,E1,FF,3F,3D,17,20,0],19
1A0600A,[0,0,0,0,0,9C,C0,80],20
1E0162A,[0,11,0,48,17,0,59,0],19
1601422,[0,0,0,1,34,90,6,74],19
217FFC,[5,4B,42,D8,E8,48,0,0],19
217FFC,[7,4B,42,D8,E8,48,0,0],19
2616CFC,[9,52,0,F,33,5A,F,3D],20
131726C,[0,C,2C,D2,40,0,0,3F],19
217FFC,[5,4B,42,D8,E8,48,0,0],19
217FFC,[7,4B,42,D8,E8,48,0,0],19
1601422,[0,0,0,1,34,90,6,74],19
131726C,[0,C,2C,D2,40,0,0,3F],23
12173BE,[0,31,40,6,0,80,80,2],19
217FFC,[7,4B,42,D8,E8,48,0,0],20
12173BE,[40,21,40,6,0,0,80,2],19
14034A2,[0,5B,0,4,89,3,4,0],19
131726C,[0,C,2E,D2,40,0,0,3F],19
1601422,[0,0,0,1,34,90,6,74],19
14034A2,[0,5B,0,4,89,3,4,0],20
2C1302A,[80,4,0,B1,13,8,80,0],19
3C01428,[40,81,51,94,E,74,0,0],19
12173BE,[0,21,40,6,0,0,80,2],24
14034A2,[0,5B,0,4,89,3,4,0],19
E01008,[3,61,90,0,0,65,4C,0],19
2202262,[0,2,0,0,50,0,40,0],19
131726C,[0,C,2E,D2,40,0,0,3F],19
1601422,[0,0,0,1,34,90,6,74],22
C00402,[C3,0,0,0,0,0,0,13],19
12173BE,[C0,31,40,6,0,80,80,2],19
3000042,[0,0,1,B0,1F,0,B9,B7],20
131726C,[0,C,2E,D2,40,0,0,3F],19
2202262,[0,2,0,0,50,0,40,0],19
E01008,[3,61,90,0,0,65,4C,0],19
C00402,[83,10,0,0,0,0,0,13],19
3000042,[0,0,1,B0,1F,0,B9,B7],19
C00402,[C3,10,0,0,0,0,0,13],19
14034A2,[0,5B,0,4,89,3,4,0],19
1A0600A,[80,0,0,0,0,9C,C0,80],19
1E0162A,[0,11,0,40,17,0,59,0],20
131726C,[0,C,2E,D2,40,0,0,3F],19
1601422,[0,0,0,1,34,90,6,74],19
217FFC,[5,4B,42,D8,E8,48,0,0],19
217FFC,[7,4B,42,D8,E8,48,0,0],22
131726C,[0,C,2E,D2,40,0,0,3F],20
12173BE,[80,31,40,6,0,80,80,2],19
14034A2,[0,5B,0,4,89,3,4,0],19
2006428,[1,43,E0,0,0,2,0,1],19
1E0162A,[40,11,0,40,17,0,59,0],19
131726C,[0,C,2E,D2,40,0,0,3F],19
2C1302A,[C0,4,0,B1,13,8,80,0],19
2300492,[0,0,0,0,0,0,0,4],19
1E0162A,[C0,11,0,40,17,0,99,2],19
131726C,[0,C,2E,D2,40,0,0,3F],19
381526C,[0,1,5,BC,D,28,3D,30],20
1601422,[0,0,0,1,34,90,6,74],19
3000042,[0,0,1,B0,1F,0,B9,B8],19
4000002,[0,0,0,4,6,4,27,EF],19
3200408,[11,7E,13,0,24,0,10,0],22
C00402,[83,0,0,0,0,0,0,13],19
14034A2,[0,5B,0,4,89,3,4,0],19
3000042,[0,0,1,B0,1F,0,B9,B8],20
131726C,[0,C,2E,D2,40,0,0,3F],19
C00402,[3,10,0,0,0,0,0,13],19
E01008,[3,61,90,0,0,65,4C,0],19
C00402,[43,10,0,0,0,0,0,13],19
3000042,[0,0,1,B0,1F,0,B9,B8],19
14034A2,[0,5B,0,4,89,3,4,0],19
217FFC,[3,4B,2,D8,E8,48,0,0],19
1A0600A,[80,0,0,0,0,9C,40,80],19
1E0162A,[40,11,0,40,17,0,59,0],19
131726C,[0,C,30,D2,40,0,0,3F],20
2616CFC,[9,52,0,F,33,5A,F,3D],19
217FFC,[1,4B,2,D8,E8,48,0,0],19
2510000,[0,0,0,0,0,4,0,66],23
2803008,[4D,41,FF,3F,3D,17,20,0],19
2202262,[0,2,0,0,50,0,40,0],19
217FFC,[1,4B,2,D8,E8,48,0,0],19
2510000,[0,0,0,0,0,4,0,66],20
217FFC,[1,4B,2,D8,E8,48,0,0],19
131726C,[0,C,30,D2,40,0,0,3F],19
E01008,[3,61,90,0,0,65,4C,0],20
217FFC,[3,4B,2,D8,E8,48,0,0],19
2202262,[0,2,0,0,50,0,40,0],19
2300492,[0,0,0,0,0,0,0,4],19
12173BE,[C0,21,40,6,0,0,80,2],19
3200408,[11,3E,13,0,24,0,10,0],19
2C1302A,[80,4,0,B1,13,8,80,0],19
1E0162A,[C0,11,0,40,17,0,9B,2],19
131726C,[0,C,2E,D2,40,0,0,3F],22
1E0162A,[0,11,0,40,17,0,1B,0],19
3C01428,[C0,0,11,94,E,74,0,0],19
1017FFC,[10,30,1,2,2,2,0,2],19
131726C,[0,C,2E,D2,40,0,0,3F],19
12173BE,[C0,21,40,6,0,0,80,2],19
3200408,[11,3E,13,0,24,0,10,0],20
C00402,[3,10,0,0,0,0,0,13],19
2202262,[0,2,0,0,50,0,40,0],19
C00402,[43,10,0,0,0,0,0,13],19
1601422,[0,0,0,1,34,90,6,74],19
1A0600A,[80,0,0,0,0,9C,40,80],19
12173BE,[80,31,40,6,0,80,80,2],19
3C01428,[0,80,41,94,E,74,0,0],19
2616CFC,[9,46,0,F,33,5A,F,3D],19
2202262,[0,2,0,0,50,0,40,0],23
217FFC,[3,4B,2,D8,E8,48,0,0],19
2803008,[CD,41,FF,3F,3D,17,20,0],19
2C1302A,[0,0,0,B1,13,8,80,0],19
1E0162A,[80,11,0,48,17,0,19,0],19
2006428,[1,43,E0,0,0,2,0,1],19
217FFC,[1,4B,2,D8,E8,48,0,0],19
217FFC,[3,4B,2,D8,E8,48,0,0],19
217FFC,[1,4B,2,D8,E8,48,0,0],19
1601422,[0,0,0,1,34,90,6,74],20
1B500000,[0,0,0,0,0,0,0,0],19
3E0004A,[0,0,0,0,1D,E0,40,0],19
14034A2,[0,5B,0,4,89,3,4,0],19
E01008,[3,61,90,0,0,65,4C,0],19
2202262,[0,2,0,0,50,0,40,0],19
1E0162A,[0,11,0,40,17,0,99,2],19
E01008,[3,61,90,0,0,65,4C,0],22
C00402,[3,0,0,0,0,0,0,13],19
12173BE,[C0,31,40,6,0,80,80,2],19
3200408,[11,3E,13,0,24,0,10,0],19
131726C,[0,C,2A,D2,40,0,0,3F],19
2202262,[0,2,4,0,50,0,40,0],19
E01008,[3,61,90,0,0,65,4C,0],19
C00402,[C3,10,0,0,0,0,0,13],19
3200408,[11,3E,13,0,24,0,10,0],19
12173BE,[80,21,40,6,0,0,80,2],19
1E0162A,[80,11,0,40,17,0,99,2],19
2803008,[CF,41,FF,3F,3D,17,20,0],19
2510000,[0,0,0,0,0,4,0,66],19
217FFC,[1,4B,2,D8,E8,48,0,0],19
2006428,[1,43,E0,0,0,2,0,1],19
217FFC,[1,4B,2,D8,E8,48,0,0],22
12173BE,[40,21,40,6,0,0,80,2],19
131726C,[0,C,2A,D2,40,0,0,3F],19
217FFC,[3,4B,2,D8,E8,48,0,0],19
2202262,[0,2,0,0,50,0,40,0],20
131726C,[0,C,2A,D2,40,0,0,3F],19
1601422,[0,0,0,1,34,90,6,74],19
2300492,[0,0,0,0,0,0,0,4],19
12173BE,[0,31,40,6,0,80,80,2],19
14034A2,[0,5B,0,4,89,3,4,0],19
131726C,[0,C,2C,D2,40,0,0,3F],19
1601422,[0,0,0,1,34,90,6,74],20
381526C,[0,1,5,3C,D,28,3D,30],19
E01008,[3,61,90,0,0,65,4C,0],19
3000042,[0,0,1,B0,1F,0,B9,BB],19
131726C,[0,C,2C,D2,40,0,0,3F],19
E01008,[3,61,90,0,0,65,4C,0],23
C00402,[C3,0,0,0,0,0,0,13],19
2202262,[0,2,0,0,50,0,40,0],19
E01008,[3,61,90,0,0,65,4C,0],19
131726C,[0,C,2C,D2,40,0,0,3F],20
C00402,[43,10,10,0,0,0,0,13],19
1A0600A,[0,0,0,0,0,9E,40,0],19
14034A2,[0,5B,0,4,89,3,4,0],19
131726C,[0,C,2C,D2,40,0,0,3F],19
2202262,[0,2,0,0,50,0,40,0],19
2C1302A,[0,4,0,B0,13,8,80,0],19
1601422,[0,0,0,1,34,90,6,74],19
3A04004,[0,A0,FF,FF,FF,FF,FF,FF],19
3E0004A,[0,0,0,0,1D,E0,40,0],19
E01008,[3,61,90,0,0,65,4C,0],19
217FFC,[1,4B,2,D8,E8,48,0,0],22
217FFC,[3,4B,2,D8,E8,48,0,0],20
131726C,[0,C,2C,D2,40,0,0,3F],19
2510000,[0,0,0,0,0,4,0,66],19
217FFC,[1,4B,2,D8,E8,48,0,0],19
2C1302A,[C0,4,0,B0,13,8,80,0],20
3C01428,[80,0,51,94,E,74,0,0],19
E01008,[3,61,90,0,0,65,4C,0],19
2202262,[0,2,0,0,50,0,40,0],20
1A0600A,[C0,0,0,0,0,9E,40,0],19
1601422,[0,0,0,1,34,90,6,74],19
131726C,[0,C,2C,D2,40,0,0,3F],19
2C1302A,[40,4,0,B0,13,8,80,0],20
1E0162A,[40,11,0,40,17,0,59,0],19
3000042,[0,0,1,B0,1F,0,B9,BC],19
2202262,[0,2,0,0,50,0,40,0],19
E01008,[3,61,90,0,0,65,4C,0],20
1601422,[0,0,0,1,34,90,6,74],19
3C01428,[C0,80,41,94,E,74,0,0],19
E01008,[3,61,90,0,0,65,4C,0],19
131726C,[0,C,2C,D2,40,0,0,3F],20
12173BE,[C0,21,40,6,0,0,80,2],19
E01008,[3,61,90,0,0,65,4C,0],19
C00402,[43,10,0,0,0,0,0,13],19
2803008,[8D,41,FF,3F,3D,17,20,0],20
C00402,[83,10,0,0,0,0,0,13],19
1E0162A,[0,11,0,40,17,0,99,2],19
1A0600A,[80,0,0,0,0,9E,40,0],19
12173BE,[80,31,40,6,0,80,80,2],19
131726C,[0,C,2E,D2,40,0,0,3F],19
2803008,[D,41,FF,3F,3D,17,20,0],19
217FFC,[1,4B,2,D8,E8,48,0,0],18
2510000,[0,0,0,0,0,4,0,66],19
217FFC,[1,4B,2,D8,E8,48,0,0],19
217FFC,[3,4B,2,D8,E8,48,0,0],20
1A0600A,[40,0,0,0,0,9E,40,0],19
2202262,[0,2,4,0,50,0,40,0],19
131726C,[0,C,2E,D2,40,0,0,3F],20
2300492,[0,0,0,0,0,0,0,4],19
2C1302A,[40,0,0,B0,13,8,80,0],19
12173BE,[C0,31,40,6,0,80,80,2],20
3C01428,[40,80,1,94,E,74,0,0],19
12173BE,[0,21,40,6,0,0,80,2],19
14034A2,[0,5B,0,4,89,3,4,0],19
1E0162A,[80,11,0,40,17,0,59,0],20
1601422,[0,0,0,1,34,90,6,74],19
381526C,[0,1,5,3C,D,28,3D,30],23
E01008,[3,61,90,0,0,65,4C,0],19
C00402,[43,0,0,0,0,0,0,13],19
12173BE,[C0,31,40,6,0,80,80,2],19
3000042,[0,0,1,B0,1F,0,B9,BE],19
131726C,[0,C,2E,D2,40,0,0,3F],19
2202262,[0,2,0,0,50,0,40,0],19
E01008,[3,61,90,0,0,65,4C,0],20
1601422,[0,0,0,1,34,90,6,74],19
3200408,[11,3E,13,0,24,0,10,0],19
C00402,[43,10,0,0,0,0,0,13],20
14034A2,[0,5B,0,4,89,3,4,0],19
1A0600A,[80,0,0,0,0,9E,40,0],19
2202262,[0,2,0,0,50,0,40,0],20
131726C,[0,C,35,D2,40,0,0,3F],19
1601422,[0,0,0,1,34,90,6,73],19
1E0162A,[0,11,0,40,17,0,99,2],23
1A0600A,[0,0,0,0,0,9E,40,0],19
2803008,[CD,41,FF,3F,3D,17,20,0],19
12173BE,[80,31,40,6,0,80,80,2],19
14034A2,[0,5B,0,4,89,3,4,0],20
2616CFC,[9,42,0,F,33,5A,F,3D],19
217FFC,[1,4B,2,D8,E8,48,0,0],19
2510000,[0,0,0,0,0,4,0,66],20
E01008,[3,61,90,0,0,65,4C,0],19
217FFC,[3,4B,2,D8,E8,48,0,0],19
12173BE,[40,21,40,6,0,0,80,2],20
14034A2,[0,5B,0,4,89,3,4,0],19
381526C,[0,1,5,3C,D,28,3D,30],19
2300492,[0,0,0,0,0,0,0,4],20
1A0600A,[40,0,0,0,0,9E,40,0],19
131726C,[0,C,35,D2,40,0,0,3F],22
131726C,[0,C,2E,D2,40,0,0,3F],20
3E0004A,[0,0,0,0,1D,E0,40,0],19
1E0162A,[80,11,0,40,17,0,59,0],19
1A0600A,[C0,0,0,0,0,9E,40,0],19
2202262,[0,2,0,0,50,0,40,0],19
131726C,[0,C,2E,D2,40,0,0,3F],19
1601422,[0,0,0,1,34,90,6,73],19
C00402,[C3,10,0,0,0,0,0,13],19
3000042,[0,0,1,B0,1F,0,B9,BF],19
131726C,[0,C,2E,D2,40,0,0,3F],20
217FFC,[3,4B,2,D8,E8,48,0,0],19
1E0162A,[C0,11,0,40,17,0,99,2],19
E01008,[3,61,90,0,0,65,4C,0],19
C00402,[83,10,0,0,0,0,0,13],19
381526C,[0,1,5,3C,D,28,3D,30],23
12173BE,[80,21,40,6,0,0,80,2],19
1A0600A,[0,0,0,0,0,9E,40,0],20
C00402,[3,10,0,0,0,0,0,13],19
3000042,[0,0,1,B0,1F,0,B9,C0],19
217FFC,[1,4B,2,D8,E8,48,0,0],19
1E0162A,[0,11,0,40,17,0,99,2],19
2C1302A,[C0,0,0,B0,13,8,80,0],19
3A04004,[0,A0,FF,FF,FF,FF,FF,FF],20
2803008,[CD,41,FF,3F,3D,17,20,0],19
2510000,[0,0,0,0,0,4,0,66],19
2202262,[0,2,0,0,50,0,40,0],19
E01008,[3,61,90,0,0,65,4C,0],24
2202262,[0,2,0,0,50,0,40,0],19
131726C,[0,C,2E,D2,40,0,0,3F],19
2616CFC,[9,52,0,F,33,5A,F,3D],19
217FFC,[3,4B,2,D8,E8,48,0,0],22
12173BE,[40,21,40,6,0,0,80,2],19
2006428,[1,43,E0,0,0,2,0,1],19
217FFC,[1,4B,2,D8,E8,48,0,0],19
2C1302A,[C0,0,0,B0,13,8,80,0],19
E01008,[3,61,90,0,0,65,4C,0],19
217FFC,[3,4B,2,D8,E8,48,0,0],19
217FFC,[1,4B,2,D8,E8,48,0,0],19
1E0162A,[80,11,0,40,17,0,59,0],19
1A0600A,[40,0,0,0,0,9E,40,0],20
1E0162A,[C0,11,0,48,17,0,19,0],19
2202262,[0,2,0,0,50,0,40,0],19
2300492,[0,0,0,0,0,0,0,4],19
1601422,[0,0,0,1,34,90,6,73],19
3000042,[0,0,1,B0,1F,0,B9,C1],19
12173BE,[C0,21,40,6,0,0,80,2],23
3200408,[11,3E,13,0,24,0,10,0],19
1E0162A,[C0,11,0,40,17,0,99,2],19
2202262,[0,2,0,0,50,0,40,0],19
E01008,[3,61,90,0,0,65,4C,0],19
131726C,[0,C,2E,D2,40,0,0,3F],19
381526C,[0,1,5,3C,D,28,3D,30],20
E01008,[3,61,90,0,0,65,4C,0],19
3A04004,[0,B0,FF,FF,FF,FF,FF,FF],19
C00402,[83,10,0,0,0,0,0,12],19
2202262,[0,2,0,0,50,0,40,0],19
217FFC,[1,4B,2,D8,E8,48,0,0],19
2616CFC,[9,52,0,F,33,5A,F,3D],19
1E0162A,[40,11,0,40,17,0,59,0],19
12173BE,[40,31,40,6,0,80,80,2],20
1E0162A,[80,11,0,48,17,0,19,0],22
2C1302A,[C0,4,0,B0,13,8,80,0],19
14034A2,[0,5B,0,4,89,3,4,0],19
2006428,[1,43,E0,0,0,2,0,1],19
217FFC,[1,4B,2,D8,E8,48,0,0],19
2510000,[0,0,0,0,0,4,0,66],20
E01008,[3,61,90,0,0,65,4C,0],19
217FFC,[3,4B,2,D8,E8,48,0,0],19
2C1302A,[40,4,0,B0,13,8,80,0],19
2202262,[0,2,0,0,50,0,40,0],20
1A0600A,[40,0,0,0,0,9E,40,0],19
2C1302A,[80,0,0,B0,13,8,80,0],19
131726C,[0,C,2A,D2,40,0,0,3F],20
12173BE,[C0,21,40,6,0,0,80,2],19
3200408,[11,3E,13,0,24,0,10,0],19
2300492,[0,0,0,0,0,0,0,4],19
2202262,[0,2,0,0,50,0,40,0],23
E01008,[3,61,90,0,0,65,4C,0],19
1E0162A,[0,11,0,40,17,0,99,2],19
2300492,[0,0,0,0,0,0,0,4],20
1601422,[0,0,0,1,34,90,6,73],19
2C1302A,[40,0,0,B0,13,8,80,0],19
3E0004A,[0,0,0,0,1D,E0,40,0],20
3200408,[11,3E,13,0,24,0,10,0],19
3A04004,[0,B0,FF,FF,FF,FF,FF,FF],19
3000042,[0,0,1,B0,1F,0,B9,C2],19
E01008,[3,61,90,0,0,65,4C,0],20
1601422,[0,0,0,1,34,90,6,73],19
3200408,[11,3E,13,0,24,0,10,0],19
C00402,[C3,10,0,0,0,0,0,12],19
3C01428,[0,80,41,94,E,73,0,0],19
2C1302A,[0,4,0,B0,13,8,80,0],23
217FFC,[3,4B,2,D8,E8,48,0,0],19
1A0600A,[80,0,0,0,0,9E,40,0],19
2510000,[0,0,0,0,0,4,0,66],19
131726C,[0,C,30,D2,40,0,0,3F],19
1E0162A,[80,11,0,40,17,0,59,0],19
2616CFC,[9,42,0,F,33,5A,F,3D],19
2510000,[0,0,0,0,0,4,0,66],19
131726C,[0,C,30,D2,40,0,0,3F],19
E01008,[3,61,90,0,0,65,4C,0],19
1601422,[0,0,0,1,34,90,6,73],19
3C01428,[40,80,51,94,E,73,0,0],19
12173BE,[0,21,40,6,0,0,80,2],19
14034A2,[0,5B,0,4,89,3,4,0],19
E01008,[3,61,90,0,0,65,4C,0],19
1601422,[0,0,0,1,34,90,6,73],22
1E0162A,[0,11,0,40,17,0,19,0],19
1017FFC,[1,F,15,C2,59,79,FF,F3],19
1E0162A,[40,11,0,40,17,0,99,2],19
12173BE,[C0,31,40,6,0,80,80,2],20
3200408,[11,3E,13,0,24,0,10,0],19
131726C,[0,C,2C,D2,40,0,0,3F],19
2202262,[0,2,4,0,50,0,40,0],19
E01008,[3,61,90,0,0,65,4C,0],19
1601422,[0,0,0,1,34,90,6,73],19
1E0162A,[40,11,0,40,17,0,59,0],19
12173BE,[80,21,40,6,0,0,80,2],19
C00402,[43,10,10,0,0,0,0,12],19
1A0600A,[0,0,0,0,0,9E,40,0],20
1601422,[0,0,0,1,34,90,6,73],19
131726C,[0,C,2C,D2,40,0,0,3F],19
2803008,[CD,41,FF,3F,3D,17,20,0],22
2510000,[0,0,0,0,0,4,0,66],19
12173BE,[40,21,40,6,0,0,80,2],19
2006428,[1,43,E0,0,0,2,0,1],19
217FFC,[1,4B,2,D8,E8,48,0,0],19
2202262,[0,2,0,0,50,0,40,0],19
E01008,[3,61,90,0,0,65,4C,0],19
1601422,[0,0,0,1,34,90,6,73],19
3200408,[11,3E,13,0,24,0,10,0],19
3E0004A,[0,0,0,0,1D,E0,40,0],19
1A0600A,[40,0,0,0,0,9E,40,0],19
2300492,[0,0,0,0,0,0,0,4],19
131726C,[0,C,2E,D2,40,0,0,3F],19
381526C,[0,1,5,3C,D,28,3D,30],19
E01008,[3,61,90,0,0,65,4C,0],19
3000042,[0,0,1,B0,1F,0,B9,C5],22
12173BE,[C0,21,40,6,0,0,80,2],19
3200408,[11,3E,13,0,24,0,10,0],19
1A0600A,[0,0,0,0,0,9E,40,0],19
C00402,[3,10,0,0,0,0,0,12],19
E01008,[3,61,90,0,0,65,4C,0],19
1601422,[0,0,0,1,34,90,6,73],19
3600008,[0,8,0,60,30,0,0,3D],19
C00402,[83,0,0,0,0,0,0,12],19
14034A2,[0,5B,0,4,89,3,4,0],20
131726C,[0,C,2E,D2,40,0,0,3F],19
2510000,[0,0,0,0,0,4,0,66],19
1E0162A,[C0,11,0,40,17,0,19,0],19
2006428,[1,43,E0,0,0,2,0,1],19
131726C,[0,C,2E,D2,40,0,0,3F],19
12173BE,[40,31,40,6,0,80,80,2],19
217FFC,[1,4B,2,D8,E8,48,0,0],20
217FFC,[3,4B,2,D8,F0,48,0,0],19
2202262,[0,2,0,0,50,0,40,0],19
E01008,[3,61,98,0,0,65,4C,0],20
217FFC,[1,4B,2,D8,F0,48,0,0],19
217FFC,[3,EB,0,D8,F0,48,0,0],19
12173BE,[0,21,40,2,0,0,80,2],19
3C01428,[80,0,50,94,E,73,0,0],19
E01008,[3,E0,98,0,0,65,4C,0],20
2202262,[0,2,6,0,58,0,40,0],19
381526C,[0,1,5,BC,D,28,3C,30],19
1601422,[0,0,0,1,34,90,6,73],19
14034A2,[0,5B,0,4,89,3,4,0],19
2300492,[0,0,0,0,0,0,0,4],20
3200408,[11,F8,53,0,24,0,10,0],19
3000042,[0,0,1,B0,1F,0,B9,C6],22
131726C,[0,8C,2E,D2,40,0,0,3F],20
2300492,[0,0,0,0,0,0,0,4],19
1601422,[0,0,0,1,34,90,6,73],19
3C01428,[C1,81,40,94,E,73,0,0],20
E01008,[3,E0,98,0,0,65,4C,0],19
131726C,[0,8C,2E,D2,40,0,0,3F],19
12173BE,[C0,21,40,2,0,0,80,2],20
14034A2,[0,5B,0,4,89,3,4,0],19
4000002,[0,0,0,4,1E,4,27,EF],19
C00402,[83,10,0,0,0,0,0,12],20
217FFC,[7,EB,40,D8,F0,58,0,0],19
C00402,[C3,10,0,0,0,0,0,12],19
1A0600A,[0,0,0,0,0,9E,40,0],20
12173BE,[80,31,40,2,0,80,80,2],19
14034A2,[0,5B,0,4,89,3,4,0],19
2803008,[CD,E1,FF,3F,3D,5,20,0],20
1E0162A,[C0,11,0,48,17,0,19,0],19
1A0600A,[80,0,0,0,0,9E,40,0],19
1601422,[0,0,0,1,34,90,6,73],20
217FFC,[1,6B,40,D8,F0,58,0,0],19
2510000,[0,0,0,0,0,5,0,0],19
2616CFC,[9,52,0,F,33,1A,F,3D],20
217FFC,[3,6B,40,D8,F0,58,0,0],19
131726C,[0,8C,2C,D2,40,0,0,3F],19
E01008,[3,E1,98,0,0,58,4C,0],20
217FFC,[1,6B,40,D8,F0,58,0,0],19
3C01428,[41,80,21,94,E,73,0,0],19
3E0004A,[0,0,0,0,1D,E0,40,0],19
14034A2,[0,5B,0,4,89,3,4,0],20
1E0162A,[80,11,0,40,17,0,19,0],19
1A0600A,[C0,0,0,0,0,9E,40,0],22
131726C,[0,8C,2C,D2,40,0,0,3F],20
131726C,[0,8C,2C,D2,40,0,0,3F],19
2C1302A,[40,0,0,AD,13,8,80,0],19
1E0162A,[40,11,0,40,17,0,19,0],20
1A0600A,[40,0,0,0,0,9E,40,0],19
12173BE,[0,21,40,2,0,0,80,2],19
14034A2,[0,5B,0,4,89,3,4,0],19
2300492,[0,0,0,0,0,0,0,4],19
1601422,[0,0,0,1,34,90,6,73],19
381526C,[0,1,5,BC,D,29,3C,30],19
131726C,[0,8C,2A,D2,40,0,0,3F],19
2300492,[0,0,0,0,0,0,0,4],19
3E0004A,[0,0,0,0,1D,E0,40,0],19
E01008,[3,E1,98,0,0,58,4C,0],19
1E0162A,[C0,11,0,40,17,0,59,0],23
C00402,[3,10,0,0,0,0,0,F],19
E01008,[3,E1,98,0,0,58,4C,0],19
1601422,[0,0,0,1,34,90,6,73],20
3600008,[0,C,B0,40,0,0,0,0],19
3000042,[0,0,1,B0,1F,0,B9,C8],19
14034A2,[0,5B,0,4,89,3,4,0],20
1E0162A,[C0,11,0,40,17,0,19,0],19
2202262,[0,2,2,0,58,0,40,0],19
C00402,[3,10,0,0,0,0,0,F],20
131726C,[0,8C,2A,D2,40,0,0,3F],19
2C1302A,[0,0,0,AD,13,8,80,0],19
2510000,[0,0,0,0,0,5,0,0],20
2803008,[4D,E1,FF,3F,3D,5,20,0],19
3A04004,[0,A0,FF,FF,FF,FF,FF,FF],19
2202262,[0,2,2,0,58,0,40,0],20
2006428,[1,E3,E0,0,0,0,0,0],17
217FFC,[1,6B,40,D8,F0,58,0,0],19
1E0162A,[41,11,0,40,17,0,99,2],19
12173BE,[0,31,40,2,0,80,80,2],20
14034A2,[0,5B,0,4,89,3,4,0],19
1A0600A,[40,0,0,0,0,9E,40,0],19
2300492,[0,0,0,0,0,0,0,4],20
131726C,[0,8C,35,D2,40,0,0,3F],19
1601422,[0,0,0,1,34,90,6,73],19
2C1302A,[0,0,0,AD,13,8,80,0],19
2300492,[0,0,0,0,0,0,0,4],19
131726C,[0,8C,35,D2,40,0,0,3F],19
2C1302A,[40,4,0,AD,13,8,80,0],19
1E0162A,[C0,11,0,40,17,0,99,2],20
E01008,[3,E1,98,0,0,58,4C,0],19
1601422,[0,0,0,1,34,90,6,73],22
381526C,[0,1,5,BC,D,29,3C,30],20
E01008,[3,E1,98,0,0,58,4C,0],19
C00402,[3,0,0,0,0,0,0,F],19
3A04004,[0,A0,FF,FF,FF,FF,FF,FF],19
3000042,[0,0,1,B0,1F,0,B9,C9],20
2510000,[0,0,0,0,0,5,0,0],19
C00402,[83,10,0,0,0,0,0,F],19
1A0600A,[0,0,0,0,0,9E,40,0],19
131726C,[0,8C,35,D2,40,0,0,3F],19
2510000,[0,0,0,0,0,5,0,0],20
217FFC,[1,6B,40,D8,F0,58,0,0],19
2202262,[0,2,2,0,58,0,40,0],19
2616CFC,[9,56,0,F,33,1A,F,3D],19
131726C,[0,8C,2C,D2,40,0,0,3F],19
217FFC,[1,6B,40,D8,F0,58,0,0],20
217FFC,[3,6B,40,D8,F0,58,0,0],22
2C1302A,[C0,0,0,AC,13,8,80,0],20
2510000,[0,0,0,0,0,5,0,0],19
217FFC,[1,6B,40,D8,F0,58,0,0],19
217FFC,[3,EB,40,D8,F0,58,0,0],19
217FFC,[1,6B,40,D8,F0,58,0,0],19
1017FFC,[21,1,1,7,1,0,0,0],19
131726C,[0,8C,2C,D2,40,0,0,3F],19
3200408,[11,FE,53,0,24,0,10,0],19
1E0162A,[80,11,0,40,17,0,19,0],19
14034A2,[0,5B,0,4,89,3,4,0],19
1E0162A,[C0,11,0,40,17,0,59,0],19
2300492,[0,0,0,0,0,0,0,4],20
381526C,[0,1,5,BC,D,29,3C,30],24
1601422,[0,0,0,1,34,90,6,73],19
1A0600A,[40,0,0,0,0,9E,40,0],22
3E0004A,[0,0,0,0,1D,E0,40,0],19
131726C,[0,8C,2C,D2,40,0,0,3F],20
12173BE,[0,31,40,2,0,80,80,2],19
14034A2,[0,5B,0,4,89,3,4,0],19
1A0600A,[C0,0,0,0,0,9E,40,0],19
2C1302A,[40,4,0,AC,13,8,80,0],20
381526C,[0,1,5,BC,D,29,3C,30],19
1B500000,[0,0,0,0,0,0,0,0],19
2300492,[0,0,0,0,0,0,0,4],20
1E0162A,[C0,11,0,40,17,0,19,0],19
E01008,[3,E5,98,0,0,58,4C,0],19
1E0162A,[0,11,0,48,17,0,5B,0],20
1A0600A,[80,0,0,0,0,9E,40,0],19
1E0162A,[40,11,0,40,17,0,9B,2],19
3000042,[0,0,1,B0,1F,0,B9,CB],23
2C1302A,[0,4,0,AC,13,8,80,0],19
E01008,[3,E1,98,0,0,58,4C,0],19
1A0600A,[0,0,0,0,0,9E,40,0],20
1E0162A,[0,11,0,40,17,0,99,2],19
2202262,[0,2,2,0,58,0,40,0],19
C00402,[3,10,0,0,0,0,0,F],19
1601422,[0,0,0,1,34,90,6,73],20
1A0600A,[80,0,0,0,0,9E,40,0],19
3A04004,[0,A0,FF,FF,FF,FF,FF,FF],19
2803008,[4D,E1,FF,3F,3D,5,20,0],20
2C1302A,[C0,4,0,AC,13,8,80,0],19
2202262,[0,2,2,0,58,0,40,0],19
2006428,[1,E3,E0,0,0,0,0,0],20
131726C,[0,8C,2C,D2,40,0,0,3F],19
217FFC,[3,6B,40,D8,F0,58,0,0],19
E01008,[3,E1,98,0,0,58,4C,0],23
217FFC,[3,EB,40,D8,F0,58,0,0],19
3E0004A,[0,0,0,0,1D,E0,40,0],19
E01008,[3,E1,98,0,0,58,4C,0],20
217FFC,[1,EB,40,D8,F0,58,0,0],19
217FFC,[3,6B,40,D8,F0,58,0,0],19
1E0162A,[80,11,0,40,17,0,5B,0],20
131726C,[0,8C,2E,D2,40,0,0,3F],19
1E0162A,[C0,11,0,40,17,0,9B,2],19
4200002,[E4,0,5C,7D,DA,6C,50,2E],20
1A0600A,[40,0,0,0,0,9E,40,0],19
2300492,[0,0,0,0,0,0,0,4],19
131726C,[0,8C,2E,D2,40,0,0,3F],20
381526C,[0,1,5,BC,D,29,3C,30],19
1601422,[0,0,0,1,34,90,6,73],19
2300492,[0,0,0,0,0,0,0,4],23
12173BE,[C0,21,40,2,0,0,80,2],19
131726C,[0,8C,2E,D2,40,0,0,3F],20
12173BE,[0,31,40,2,0,80,80,2],19
4000002,[0,0,0,4,3E,4,27,EF],19
E01008,[3,E1,98,0,0,58,4C,0],19
131726C,[0,8C,2E,D2,40,0,0,3F],19
381526C,[0,1,5,BC,D,29,3C,30],19
2300492,[0,0,0,0,0,0,0,4],19
1E0162A,[0,11,0,40,17,0,99,2],20
12173BE,[C0,31,40,2,0,80,80,2],19
14034A2,[0,5B,0,4,89,3,4,0],19
C00402,[83,10,0,0,0,0,0,F],20
2803008,[F,E1,FF,3F,3D,5,20,0],19
C00402,[C3,10,0,0,0,0,0,F],19
3000042,[0,0,1,B0,1F,0,B9,CC],22
3200408,[11,FE,53,0,24,0,10,0],19
12173BE,[80,21,40,2,0,0,80,2],20
1A0600A,[80,0,0,0,0,9E,40,0],19
2616CFC,[9,52,0,F,33,1A,F,3D],19
131726C,[0,8C,2C,D2,40,0,0,3F],19
217FFC,[3,EB,40,D8,F0,58,0,0],19
2803008,[CD,E1,FF,3F,3D,5,20,0],19
2510000,[0,0,0,0,0,5,0,0],19
12173BE,[40,31,40,2,0,80,80,2],19
217FFC,[3,6B,40,D8,F0,58,0,0],20
217FFC,[1,EB,40,D8,F0,58,0,0],19
1601422,[0,0,0,1,34,90,6,73],19
131726C,[0,8C,2C,D2,40,0,0,3F],19
12173BE,[C0,21,40,2,0,0,80,2],19
2C1302A,[80,4,0,AC,13,8,80,0],22
12173BE,[0,31,40,2,0,80,80,2],19
14034A2,[0,5B,0,4,89,3,4,0],19
131726C,[0,8C,2C,D2,40,0,0,3F],19
1601422,[0,0,0,1,34,90,6,73],20
3C01428,[C1,80,41,94,E,73,0,0],19
E01008,[3,E1,98,0,0,58,4C,0],19
2300492,[0,0,0,0,0,0,0,4],19
12173BE,[C0,21,40,2,0,0,80,2],19
E01008,[3,E1,98,0,0,58,4C,0],19
2C1302A,[40,4,0,AC,13,8,80,0],19
2300492,[0,0,0,0,0,0,0,4],20
1E0162A,[80,11,0,40,17,0,59,0],19
C00402,[43,10,0,0,0,0,0,F],19
2616CFC,[9,52,0,F,33,1A,F,3D],19
C00402,[83,10,0,0,0,0,0,F],19
14034A2,[0,5B,0,4,89,3,4,0],23
2C1302A,[C0,4,0,AC,13,8,80,0],19
2510000,[0,0,0,0,0,5,0,0],19
C00402,[3,0,0,0,0,0,0,F],19
1601422,[0,0,0,1,34,90,6,73],19
131726C,[0,8C,2C,D2,40,0,0,3F],20
3E0004A,[0,0,0,0,1D,E0,40,0],19
2616CFC,[9,52,0,F,33,1A,F,3D],19
217FFC,[3,6B,40,D8,F0,58,0,0],19
131726C,[0,8C,2C,D2,40,0,0,3F],19
217FFC,[3,6B,40,D8,F0,58,0,0],19
1601422,[0,0,0,1,34,90,6,73],19
3C01428,[41,81,1,94,E,73,0,0],19
12173BE,[0,21,40,2,0,0,80,2],19
1E0162A,[0,11,0,40,17,0,99,2],19
E01008,[3,E1,98,0,0,58,4C,0],22
1A0600A,[C0,0,0,0,0,9E,40,0],19
131726C,[0,8C,2C,D2,40,0,0,3F],20
1601422,[0,0,0,1,34,90,6,73],19
1A0600A,[0,0,0,0,0,9E,40,0],19
12173BE,[C0,31,40,2,0,80,80,2],19
3200408,[11,FE,53,0,24,0,10,0],19
131726C,[0,8C,2C,D2,40,0,0,3F],20
1E0162A,[40,11,0,48,17,0,19,0],19
E01008,[3,E1,98,0,0,58,4C,0],19
1601422,[0,0,0,1,34,90,6,73],19
3600008,[0,8,B0,64,30,0,1,0],19
E01008,[3,E1,98,0,0,58,4C,0],20
C00402,[3,10,0,0,0,0,0,F],19
1A0600A,[0,0,0,0,0,9E,40,0],19
C00402,[43,10,0,0,0,0,0,F],19
2C1302A,[0,4,0,AC,13,8,80,0],23
1601422,[0,0,0,1,34,90,6,73],19
217FFC,[3,EB,40,D8,F0,58,0,0],19
1A0600A,[80,0,0,0,0,9E,40,0],20
2616CFC,[9,52,0,F,33,1A,F,3D],19
C00402,[3,10,0,0,0,0,0,F],19
14034A2,[0,5B,0,4,89,3,4,0],19
2803008,[CD,E1,FF,3F,3D,5,20,0],20
2510000,[0,0,0,0,0,5,0,0],19
131726C,[0,8C,2C,D2,40,0,0,3F],19
2006428,[1,E3,E0,0,0,0,0,0],20
217FFC,[1,6B,40,D8,F0,58,0,0],19
12173BE,[40,21,40,2,0,0,80,2],19
217FFC,[1,EB,40,D8,F0,58,0,0],20
217FFC,[3,6B,40,D8,F0,58,0,0],19
1601422,[0,0,0,1,34,90,6,73],23
1A0600A,[C0,0,0,0,0,9E,40,0],19
1601422,[0,0,0,1,34,90,6,73],19
217FFC,[3,EB,40,D8,F0,58,0,0],19
217FFC,[1,6B,40,D8,F0,58,0,0],20
2C1302A,[80,0,0,AC,13,8,80,0],19
1A0600A,[40,0,0,0,0,9E,40,0],19
1601422,[0,0,0,1,34,90,6,73],20
131726C,[0,8C,35,D2,40,0,0,3F],19
1601422,[0,0,0,1,34,90,6,73],19
3A04004,[0,A8,FF,FF,FF,FF,FF,FF],20
1017FFC,[10,30,1,2,2,2,0,2],19
3C01428,[41,0,41,94,E,73,0,0],19
1E0162A,[40,11,0,40,17,0,19,0],20
2803008,[8F,E1,FF,3F,3D,5,20,0],19
2C1302A,[40,4,0,AC,13,8,80,0],23
1601422,[0,0,0,1,34,90,6,73],19
381526C,[0,1,5,BC,D,29,3C,30],19
E01008,[3,E1,98,0,0,58,4C,0],19
2300492,[0,0,0,0,0,0,0,4],20
12173BE,[C0,31,40,2,0,80,80,2],19
14034A2,[0,5B,0,4,89,3,4,0],19
131726C,[0,8C,35,D2,40,0,0,3F],20
2300492,[0,0,0,0,0,0,0,4],19
1A0600A,[0,0,0,0,0,9E,40,0],19
2C1302A,[0,4,0,AC,13,8,80,0],20
2616CFC,[9,52,0,F,33,1A,F,3D],19
12173BE,[80,21,40,2,0,0,80,2],19
14034A2,[0,5B,0,4,89,3,4,0],20
C00402,[C3,0,0,0,0,0,0,F],19
3A04004,[0,B8,FF,FF,FF,FF,FF,FF],19
131726C,[0,8C,32,D2,40,0,0,3F],23
2616CFC,[9,52,0,F,33,1A,F,3D],19
C00402,[43,10,0,0,0,0,0,F],20
1A0600A,[0,0,0,0,0,9E,40,0],19
2616CFC,[9,56,0,F,33,1A,F,3D],19
131726C,[0,8C,32,D2,40,0,0,3F],20
2202262,[0,2,3,0,58,0,40,0],19
2510000,[0,0,0,0,0,5,0,0],19
1601422,[0,0,0,1,34,90,6,73],20
1E0162A,[0,11,0,40,17,0,99,2],19
E01008,[3,E1,98,0,0,58,4C,0],19
217FFC,[3,6B,40,D8,F0,58,0,0],20
217FFC,[1,6B,40,D8,F0,58,0,0],19
2202262,[0,2,3,0,58,0,40,0],20
2C1302A,[80,4,0,AC,13,8,80,0],19
1601422,[0,0,0,1,34,90,6,73],22
1A0600A,[40,0,0,0,0,9E,40,0],20
217FFC,[3,6B,40,D8,F0,58,0,0],19
1E0162A,[40,11,0,48,17,0,19,0],19
12173BE,[0,31,40,2,0,80,80,2],20
14034A2,[0,5B,0,4,89,3,4,0],19
1A0600A,[C0,0,0,0,0,9E,40,0],19
1601422,[0,0,0,1,34,90,6,73],20
131726C,[0,8C,2C,D2,40,0,0,3F],19
1601422,[0,0,0,1,34,90,6,73],19
2300492,[0,0,0,0,0,0,0,4],20
3E0004A,[0,0,0,0,1D,E0,40,0],19
1E0162A,[80,11,0,40,17,0,59,0],19
2510000,[0,0,0,0,0,5,0,0],20
2300492,[0,0,0,0,0,0,0,4],19
E01008,[3,E1,98,0,0,58,4C,0],19
1601422,[0,0,0,1,34,90,6,73],23
3600008,[0,8,B0,64,30,0,1,0],19
E01008,[3,E1,98,0,0,58,4C,0],19
2C1302A,[0,0,0,AC,13,8,80,0],20
12173BE,[C0,31,40,2,0,80,80,2],19
1E0162A,[C0,11,0,40,17,0,99,2],19
2300492,[0,0,0,0,0,0,0,4],20
2803008,[D,E1,FF,3F,3D,5,20,0],19
1A0600A,[80,0,0,0,0,9E,40,0],19
3A04004,[0,A8,FF,FF,FF,FF,FF,FF],20
C00402,[3,10,0,0,0,0,0,F],19
12173BE,[80,21,40,2,0,0,80,2],19
C00402,[43,10,0,0,0,0,0,F],20
2616CFC,[9,56,0,F,33,1A,F,3D],19
1601422,[0,0,0,1,34,90,6,73],19
217FFC,[3,6B,40,D8,F0,58,0,0],23
2616CFC,[9,52,0,F,33,1A,F,3D],19
2510000,[0,0,0,0,0,5,0,0],19
12173BE,[40,21,40,2,0,0,80,2],19
14034A2,[0,5B,0,4,89,3,4,0],20
217FFC,[1,6B,40,D8,F0,58,0,0],19
2510000,[0,0,0,0,0,5,0,0],19
E01008,[3,E1,98,0,0,58,4C,0],19
1E0162A,[40,11,0,40,17,0,19,0],19
3200408,[11,FE,53,0,24,0,10,0],20
12173BE,[0,31,40,2,0,80,80,2],19
1A0600A,[40,0,0,0,0,9E,40,0],19
1E0162A,[C0,11,0,40,17,0,59,0],19
131726C,[0,8C,35,D2,40,0,0,3F],20
381526C,[0,1,5,BC,D,29,3C,30],19
E01008,[3,E1,98,0,0,58,4C,0],19
3C01428,[1,0,61,94,E,73,0,0],19
C00402,[C3,10,0,0,0,0,0,F],19
2510000,[0,0,0,0,0,5,0,0],19
2616CFC,[9,52,0,F,33,1A,F,3D],20
217FFC,[3,6B,40,D8,F0,58,0,0],19
12173BE,[40,21,40,2,0,0,80,2],19
217FFC,[3,6B,40,D8,F0,58,0,0],19
217FFC,[1,6B,40,D8,F0,58,0,0],20
1E0162A,[80,11,0,48,17,0,1B,0],19
14034A2,[0,5B,0,4,89,3,4,0],19
1A0600A,[C0,0,0,0,0,9E,40,0],19
4000002,[0,0,0,4,1E,4,27,EF],20
12173BE,[0,21,40,2,0,0,80,2],19
14034A2,[0,5B,0,4,89,3,4,0],19
E01008,[3,E1,98,0,0,58,4C,0],24
2202262,[0,2,7,0,50,0,40,0],22
381526C,[0,1,5,BC,D,29,3C,30],20
217FFC,[1,6B,40,D8,F0,58,0,0],19
217FFC,[3,6B,40,D8,F0,58,0,0],19
12173BE,[C0,31,40,2,0,80,80,2],20
1A0600A,[C0,0,0,0,0,9E,40,0],19
12173BE,[0,21,40,2,0,0,80,2],19
14034A2,[0,5B,0,4,89,3,4,0],20
E01008,[3,E1,98,0,0,58,4C,0],19
1E0162A,[C0,11,0,40,17,0,99,2],19
381526C,[0,1,5,BC,D,29,3C,30],20
131726C,[0,8C,28,D2,40,0,0,3F],19
14034A2,[0,5B,0,4,89,3,4,0],19
3E0004A,[0,0,0,0,1D,E0,40,0],20
3200408,[11,FE,53,0,24,0,10,0],19
3000042,[0,0,1,B0,1F,0,B5,D4],23
131726C,[0,8C,28,D2,40,0,0,3F],19
E01008,[3,E1,98,0,0,58,4C,0],19
1601422,[0,0,0,1,34,90,6,73],20
3C01428,[C1,80,51,94,E,73,0,0],19
E01008,[3,E1,98,0,0,58,4C,0],19
131726C,[0,8C,2E,D2,40,0,0,3F],20
12173BE,[C0,21,40,2,0,0,80,2],19
E01008,[3,E1,98,0,0,59,4C,0],19
3A04004,[0,B8,FF,FF,FF,FF,FF,FF],20
2300492,[0,0,0,0,0,0,0,4],19
217FFC,[3,6B,40,D8,F0,58,0,0],19
C00402,[C3,10,0,0,0,0,0,F],20
1A0600A,[0,0,0,0,0,9E,40,0],19
12173BE,[80,31,40,2,0,80,80,2],19
131726C,[0,8C,2E,D2,40,0,0,3F],22
C00402,[43,10,0,0,0,0,0,F],19
2510000,[0,0,0,0,0,5,0,0],20
1A0600A,[80,0,0,0,0,9E,40,0],19
1601422,[0,0,0,1,34,90,6,73],19
C00402,[C3,10,0,0,0,0,0,F],20
2510000,[0,0,0,0,0,5,0,0],19
14034A2,[0,5B,0,4,89,3,4,0],19
217FFC,[3,EB,40,D8,F0,58,0,0],20
131726C,[0,8C,2E,D2,40,0,0,3F],19
E01008,[3,E1,98,0,0,59,4C,0],19
1601422,[0,0,0,1,34,90,6,73],20
217FFC,[3,6B,40,D8,F0,58,0,0],19
217FFC,[1,6B,40,D8,F0,58,0,0],19
14034A2,[0,5B,0,4,89,3,4,0],20
1E0162A,[C0,11,0,40,17,0,99,2],19
1A0600A,[C0,0,0,0,0,9E,40,0],23
381526C,[0,1,5,BC,D,29,3C,30],19
217FFC,[3,6B,40,D8,F0,58,0,0],19
1E0162A,[40,11,0,40,17,0,19,0],20
12173BE,[C0,31,40,2,0,80,80,2],19
1A0600A,[40,0,0,0,0,9E,40,0],19
1E0162A,[C0,11,0,40,17,0,59,0],20
131726C,[0,8C,2C,D2,40,0,0,3F],19
1E0162A,[0,11,0,48,17,0,19,0],19
1601422,[0,0,0,1,34,90,6,73],20
381526C,[0,1,5,BC,D,29,3C,30],19
131726C,[0,8C,2C,D2,40,0,0,3F],19
2300492,[0,0,0,0,0,0,0,4],20
12173BE,[C0,21,40,2,0,0,80,2],19
14034A2,[0,5B,0,4,89,3,4,0],19
131726C,[0,8C,2C,D2,40,0,0,3F],23
131726C,[0,8C,2C,D2,40,0,0,3F],19
E01008,[3,E1,98,0,0,59,4C,0],19
1601422,[0,0,0,1,34,90,6,73],19
2803008,[8D,E1,FF,3F,3D,5,20,0],19
E01008,[3,E1,98,0,0,59,4C,0],19
14034A2,[0,5B,0,4,89,3,4,0],19
C00402,[C3,10,0,0,0,0,0,F],20
1A0600A,[0,0,0,0,0,9E,40,0],19
C00402,[3,10,0,0,0,0,0,F],19
131726C,[0,8C,2A,D2,40,0,0,3F],19
C00402,[43,10,0,0,0,0,0,F],19
2C1302A,[C0,4,0,AB,13,8,80,0],19
14034A2,[0,5B,0,4,89,3,4,0],19
3A04004,[0,B8,FF,FF,FF,FF,FF,FF],20
217FFC,[1,EB,40,D8,F0,58,0,0],19
217FFC,[3,6B,40,D8,F0,58,0,0],22
3E0004A,[0,0,0,0,1D,E0,40,0],19
217FFC,[3,EB,40,D8,F0,58,0,0],19
E01008,[3,E1,98,0,0,59,4C,0],19
217FFC,[3,6B,40,D8,F0,58,0,0],19
1A0600A,[40,0,0,0,0,9E,40,0],19
2C1302A,[80,4,0,AB,13,8,80,0],19
131726C,[0,8C,2A,D2,40,0,0,3F],19
1601422,[0,0,0,1,34,90,6,73],19
14034A2,[0,5B,0,4,89,3,4,0],19
12173BE,[C0,31,40,2,0,80,80,2],19
3200408,[1,FE,53,0,24,0,10,0],19
C00402,[43,10,0,0,0,0,0,F],20
2C1302A,[0,0,0,AB,13,8,80,0],19
E01008,[3,E1,98,0,0,59,4C,0],19
1601422,[0,0,0,1,34,90,6,73],23
131726C,[0,8C,2A,D2,40,0,0,3F],19
E01008,[3,E1,98,0,0,59,4C,0],19
2300492,[0,0,0,0,0,0,0,4],19
12173BE,[C0,31,40,2,0,80,80,2],19
2202262,[0,2,3,0,50,0,40,0],20
2510000,[0,0,0,0,0,5,0,0],19
2300492,[0,0,0,0,0,0,0,4],19
1A0600A,[0,0,0,0,0,9E,40,0],19
1E0162A,[80,11,0,40,17,0,19,0],19
131726C,[0,8C,2E,D2,40,0,0,3F],19
C00402,[3,0,0,0,0,0,0,F],20
217FFC,[3,6B,40,D8,F0,58,0,0],19
2803008,[CD,E1,FF,3F,3D,5,20,0],19
1601422,[0,0,0,1,34,90,6,73],19
217FFC,[1,6B,40,D8,F0,58,0,0],19
E01008,[3,E1,98,0,0,59,4C,0],23
4900002,[0,0,0,0,15,C2,59,DF],19
1E0162A,[C0,11,0,40,17,0,59,0],19
131726C,[0,8C,2E,D2,40,0,0,3F],19
217FFC,[3,6B,40,D8,F0,58,0,0],19
217FFC,[1,EB,40,D8,F0,58,0,0],19
1E0162A,[40,11,0,40,17,0,19,0],19
131726C,[0,8C,2E,D2,40,0,0,3F],19
3200408,[11,FE,53,0,24,0,10,0],19
12173BE,[0,31,40,2,0,80,80,2],19
2202262,[0,2,3,0,50,0,40,0],20
131726C,[0,8C,2E,D2,40,0,0,3F],19
2C1302A,[40,4,0,AB,13,8,80,0],19
1E0162A,[40,11,0,40,17,0,19,0],19
E01008,[3,E1,98,0,0,59,4C,0],19
3C01428,[1,80,51,94,E,73,0,0],20
12173BE,[C0,21,40,2,0,0,80,2],19
3200408,[11,BE,53,0,24,0,10,0],19
1A0600A,[80,0,0,0,0,9E,40,0],19
3A04004,[0,B8,FF,FF,FF,FF,FF,FF],19
E01008,[3,E1,98,0,0,59,4C,0],19
131726C,[0,8C,2E,D2,40,0,0,3F],19
3200408,[11,FE,53,0,24,0,10,0],20
12173BE,[80,21,40,2,0,0,80,2],19
2300492,[0,0,0,0,0,0,0,4],19
3000042,[0,0,1,B0,1F,0,B5,D8],20
C00402,[C3,0,0,0,0,0,0,F],19
2510000,[0,0,0,0,0,5,0,0],19
1A0600A,[80,0,0,0,0,9E,40,0],19
3A04004,[0,A8,FF,FF,FF,FF,FF,FF],20
C00402,[43,10,0,0,0,0,0,F],22
2006428,[1,63,E0,0,0,0,0,0],19
12173BE,[80,21,40,2,0,0,80,2],20
2202262,[0,2,1,0,50,0,40,0],19
C00402,[C3,10,0,0,0,0,0,F],19
3000042,[0,0,1,B0,1F,0,B5,D8],19
217FFC,[1,6B,40,D8,F0,58,0,0],20
2006428,[1,E3,E0,0,0,0,0,0],19
217FFC,[1,6B,40,D8,F0,58,0,0],19
12173BE,[40,31,40,2,0,80,80,2],20
1E0162A,[0,11,0,40,17,0,99,2],19
1A0600A,[C0,0,0,0,0,9E,40,0],19
2C1302A,[80,0,0,AB,13,8,80,0],19
131726C,[0,8C,30,D2,40,0,0,3F],19
12173BE,[C0,21,40,2,0,0,80,2],19
3200408,[11,FE,53,0,24,0,10,0],23
1A0600A,[40,0,0,0,0,9E,40,0],19
14034A2,[0,5B,0,4,89,3,4,0],19
131726C,[0,8C,30,D2,40,0,0,3F],19
1E0162A,[40,11,0,48,17,0,5B,0],20
4200002,[E4,0,1C,7D,DA,6C,51,2E],19
1A0600A,[C0,0,0,0,0,9E,40,0],19
2C1302A,[40,0,0,AB,13,8,80,0],20
12173BE,[C0,21,40,2,0,0,80,2],19
3200408,[11,FE,53,0,24,0,10,0],19
C00402,[43,10,0,0,0,0,0,F],20
3000042,[0,0,1,B0,1F,0,B5,D9],19
131726C,[0,8C,30,D2,40,0,0,3F],19
4000002,[0,0,0,4,6,4,27,EF],19
2C1302A,[C0,4,0,AB,13,8,80,0],20
1E0162A,[C0,11,0,48,17,0,19,0],22
2300492,[0,0,0,0,0,0,0,4],19
12173BE,[C0,21,40,2,0,0,80,2],20
E01008,[3,E1,98,0,0,59,4C,0],19
1A0600A,[0,0,0,0,0,9E,40,0],19
2300492,[0,0,0,0,0,0,0,4],20
1B500000,[0,0,0,0,0,0,0,0],19
1E0162A,[C0,11,0,40,17,0,99,2],19
2616CFC,[9,52,0,F,33,1A,F,3D],20
1A0600A,[80,0,0,0,0,9E,40,0],19
2202262,[0,2,1,0,50,0,40,0],19
C00402,[43,10,0,0,0,0,0,F],19
2C1302A,[C0,4,0,AB,13,8,80,0],19
217FFC,[1,6B,40,D8,F0,58,0,0],19
2006428,[1,E3,E0,0,0,0,0,0],19
131726C,[0,8C,2C,D2,40,0,0,3F],20
2510000,[0,0,0,0,0,5,0,0],22
217FFC,[1,EB,40,D8,F0,58,0,0],19
217FFC,[3,6B,40,D8,F0,58,0,0],20
217FFC,[1,6B,40,D8,F0,58,0,0],19
E01008,[3,E1,98,0,0,59,4C,0],19
217FFC,[1,6B,40,D8,F0,58,0,0],20
217FFC,[3,6B,40,D8,F0,58,0,0],19
3E0004A,[0,0,0,0,1D,E0,40,0],19
3C01428,[81,0,41,94,E,73,0,0],19
E01008,[3,E1,98,0,0,59,4C,0],20
1601422,[0,0,0,1,34,90,6,73],19
1A0600A,[40,0,0,0,0,9E,40,0],19
1601422,[0,0,0,1,34,90,6,73],20
131726C,[0,8C,2E,D2,40,0,0,3F],19
12173BE,[C0,21,40,2,0,0,80,2],19
3200408,[11,FE,53,0,24,0,10,0],23
2C1302A,[40,4,0,AB,13,8,80,0],19
131726C,[0,8C,2E,D2,40,0,0,3F],19
1E0162A,[80,11,0,40,17,0,59,0],20
1601422,[0,0,0,1,34,90,6,73],19
381526C,[0,1,5,BC,D,29,3C,30],19
E01008,[3,E1,98,0,0,59,4C,0],19
131726C,[0,8C,2E,D2,40,0,0,3F],20
12173BE,[C0,21,40,2,0,0,80,2],19
E01008,[3,E1,98,0,0,59,4C,0],19
4000002,[0,0,0,4,6,4,27,EF],20
2C1302A,[0,0,0,AB,13,8,80,0],19
217FFC,[3,6B,40,D8,F0,58,0,0],19
C00402,[43,10,10,0,0,0,0,F],20
1E0162A,[0,11,0,40,17,0,5B,0],19
12173BE,[80,31,40,2,0,80,80,2],22
131726C,[0,8C,2E,D2,40,0,0,3F],19
C00402,[C3,0,0,0,0,0,0,F],20
2510000,[0,0,0,0,0,5,0,0],19
1A0600A,[80,0,0,0,0,9E,40,0],19
2616CFC,[9,52,0,F,33,1A,F,3D],19
3000042,[0,0,1,B0,1F,0,B5,DB],19
12173BE,[40,21,40,2,0,0,80,2],19
14034A2,[0,5B,0,4,89,3,4,0],20
217FFC,[3,EB,40,D8,F0,58,0,0],19
131726C,[0,8C,32,D2,40,0,0,3F],19
217FFC,[3,6B,40,D8,F0,58,0,0],19
1A0600A,[40,0,0,0,0,9E,40,0],19
3C01428,[41,80,51,94,E,73,0,0],20
12173BE,[0,21,40,2,0,0,80,2],19
2202262,[0,2,1,0,50,0,40,0],19
4000002,[0,0,0,4,6,4,27,EF],22
1A0600A,[C0,0,0,0,0,9E,40,0],19
381526C,[0,1,5,BC,D,29,3C,30],19
131726C,[0,8C,32,D2,40,0,0,3F],19
2202262,[0,2,1,0,50,0,40,0],19
12173BE,[C0,31,40,2,0,80,80,2],19
3200408,[11,FE,53,0,24,0,10,0],19
131726C,[0,8C,32,D2,40,0,0,3F],20
1601422,[0,0,0,1,34,90,6,73],19
E01008,[3,E1,98,0,0,59,4C,0],19
1601422,[0,0,0,1,34,90,6,73],19
3200408,[11,FE,53,0,24,0,10,0],20
E01008,[3,E1,98,0,0,59,4C,0],19
4600002,[0,0,0,0,0,0,1,3],19
2803008,[D,E1,FF,3F,3D,5,20,0],19
C00402,[43,10,0,0,0,0,0,F],23
131726C,[0,8C,32,D2,40,0,0,3F],24
1E0162A,[C0,11,0,40,17,0,99,2],19
E01008,[3,E1,98,0,0,59,4C,0],19
1601422,[0,0,0,1,34,90,6,73],20
3200408,[11,FE,13,0,24,0,10,0],19
4000002,[0,0,0,4,6,4,27,EF],19
131726C,[0,8C,2E,D2,40,0,0,3F],20
C00402,[43,10,0,0,0,0,0,F],19
1A0600A,[0,0,0,0,0,9E,40,0],19
2300492,[0,0,0,0,0,0,0,4],20
3000042,[0,0,1,B0,1F,0,B5,DC],19
C00402,[C3,0,0,0,0,0,0,F],19
1E0162A,[40,11,0,40,17,0,59,0],20
1A0600A,[80,0,0,0,0,9E,40,0],19
3A04004,[0,A8,FF,FF,FF,FF,FF,FF],22
3000042,[0,0,1,B0,1F,0,B5,DC],20
2803008,[8F,E1,FF,3F,3D,5,20,0],19
2C1302A,[0,4,0,AB,13,8,80,0],19
1A0600A,[0,0,0,0,0,9E,40,0],20
2616CFC,[9,52,0,F,33,1A,F,3D],19
3000042,[0,0,1,B0,1F,0,B5,DC],20
C00402,[3,0,0,0,0,0,0,F],19
2006428,[1,E3,E0,0,0,0,0,0],19
217FFC,[1,EB,40,D8,F0,58,0,0],20
131726C,[0,8C,2E,D2,40,0,0,3F],19
E01008,[3,E1,98,0,0,59,4C,0],19
217FFC,[7,6B,40,D8,F0,58,0,0],20
217FFC,[1,6B,40,D8,F0,58,0,0],19
12173BE,[0,21,40,2,0,0,80,2],19
2202262,[0,2,1,0,50,0,40,0],20
1E0162A,[C1,11,0,40,17,0,19,0],22
1B500000,[0,0,0,0,0,0,0,0],19
381526C,[0,1,5,BC,D,29,3C,30],20
1601422,[0,0,0,1,34,90,6,73],19
2C1302A,[40,0,0,AB,13,8,80,0],19
12173BE,[C0,31,40,2,0,80,80,2],20
1A0600A,[C0,0,0,0,0,9E,40,0],19
1E0162A,[C0,11,0,40,17,0,99,2],19
131726C,[0,8C,32,D2,40,0,0,3F],20
1E0162A,[0,11,0,40,17,0,59,0],19
1601422,[0,0,0,1,34,90,6,73],19
3200408,[11,FE,53,0,24,0,10,0],19
131726C,[0,8C,32,D2,40,0,0,3F],19
14034A2,[0,5B,0,4,89,3,4,0],20
12173BE,[C0,21,40,2,0,0,80,2],19
3200408,[11,FE,53,0,24,0,10,0],22
3000042,[0,0,1,B0,1F,0,B5,DD],20
2C1302A,[40,0,0,AB,13,8,80,0],19
E01008,[3,E1,98,0,0,59,4C,0],20
1601422,[0,0,0,1,34,90,6,73],19
2803008,[4D,E1,FF,3F,3D,5,20,0],19
E01008,[3,E1,98,0,0,59,4C,0],20
14034A2,[0,5B,0,4,89,3,4,0],19
2803008,[8D,E1,FF,3F,3D,5,60,0],19
1A0600A,[80,0,0,0,0,9E,40,0],20
1E0162A,[40,11,0,48,17,0,19,0],19
1601422,[0,0,0,1,34,90,6,73],19
2C1302A,[0,0,0,AB,13,8,80,0],20
2300492,[0,0,0,0,0,0,0,4],19
2202262,[0,2,1,0,50,0,40,0],19
C00402,[C3,10,0,0,0,0,0,F],23
3000042,[0,0,1,B0,1F,0,B5,DE],19
2803008,[4D,E1,FF,3F,3D,5,20,0],19
1601422,[0,0,0,1,34,90,6,73],19
1E0162A,[80,11,0,40,17,0,5B,0],20
2006428,[1,E3,E0,0,0,0,0,0],19
C00402,[83,10,0,0,0,0,0,F],19
12173BE,[40,21,40,2,0,0,80,2],19
E01008,[3,E1,98,0,0,59,4C,0],19
217FFC,[3,6B,40,D8,F0,58,0,0],19
1601422,[0,0,0,1,34,90,6,73],19
2C1302A,[0,0,0,AB,13,8,80,0],20
1A0600A,[40,0,0,0,0,9E,40,0],19
3C01428,[41,81,1,94,E,73,0,0],19
131726C,[0,8C,2C,D2,40,0,0,3F],19
1E0162A,[0,11,0,48,17,0,5B,0],19
E01008,[3,E1,98,0,0,59,4C,0],22
2C1302A,[80,4,0,AB,13,8,80,0],19
381526C,[0,1,5,BC,D,29,3C,30],20
E01008,[3,E1,98,0,0,59,4C,0],19
2202262,[0,2,1,0,50,0,40,0],19
12173BE,[C0,31,40,2,0,80,80,2],19
14034A2,[0,5B,0,4,89,3,4,0],19
131726C,[0,8C,35,D2,40,0,0,3F],19
1E0162A,[40,11,0,40,17,0,19,0],20
E01008,[3,E1,98,0,0,59,4C,0],19
1E0162A,[80,11,0,48,17,0,59,0],19
2616CFC,[9,52,0,F,33,1A,F,3D],19
12173BE,[80,21,40,2,0,0,80,2],19
14034A2,[0,5B,0,4,89,3,4,0],19
2616CFC,[9,52,0,F,33,1A,F,3D],20
2300492,[0,0,0,0,0,0,0,4],22
3000042,[0,0,1,B0,1F,0,B5,DF],19
2803008,[CF,E1,FF,3F,3D,5,20,0],19
4200002,[E4,0,7C,7D,DA,6C,51,2E],19
C00402,[3,10,0,0,0,0,0,F],19
14034A2,[0,5B,0,4,89,3,4,0],19
C00402,[43,10,0,0,0,0,0,F],19
2510000,[0,0,0,0,0,5,0,0],19
E01008,[3,E1,98,0,0,59,4C,0],19
217FFC,[3,EB,40,D8,F0,58,0,0],19
2C1302A,[40,4,0,AB,13,8,80,0],20
12173BE,[0,31,40,2,0,80,80,2],19
2202262,[0,2,1,0,50,0,40,0],19
2C1302A,[80,4,0,AB,13,8,80,0],19
131726C,[0,8C,35,D2,40,0,0,3F],19
1E0162A,[40,11,0,40,17,0,59,0],22
E01008,[3,E1,98,0,0,59,4C,0],20
1A0600A,[C0,0,0,0,0,9E,40,0],19
12173BE,[C0,21,40,2,0,0,80,2],19
131726C,[0,8C,35,D2,40,0,0,3F],19
2C1302A,[0,4,0,AB,13,8,80,0],19
4000002,[0,0,0,4,6,4,27,EF],19
E01008,[3,E1,98,0,0,59,4C,0],19
1601422,[0,0,0,1,34,90,6,73],19
3200408,[11,BE,53,0,24,0,10,0],19
12173BE,[80,21,40,2,0,0,80,2],19
2202262,[0,2,1,0,50,0,40,0],19
3000042,[0,0,1,B0,1F,0,B5,DF],19
1601422,[0,0,0,1,34,90,6,73],19
2300492,[0,0,0,0,0,0,0,4],19
2803008,[F,E1,FF,3F,3D,5,20,0],20
C00402,[43,10,0,0,0,0,0,F],22
131726C,[0,8C,35,D2,40,0,0,3F],19
2202262,[0,2,1,0,50,0,40,0],20
217FFC,[3,6B,40,D8,F0,58,0,0],19
C00402,[C3,10,0,0,0,0,0,F],19
2006428,[1,E3,E0,0,0,0,0,0],19
C00402,[3,10,0,0,0,0,0,F],20
217FFC,[7,EB,40,D8,F0,58,0,0],19
E01008,[3,E1,98,0,0,59,4C,0],19
217FFC,[3,6B,40,D8,F0,58,0,0],20
217FFC,[1,EB,40,D8,F0,58,0,0],19
1E0162A,[0,11,0,40,17,0,19,0],19
1A0600A,[40,0,0,0,0,9E,40,0],19
1601422,[0,0,0,1,34,90,6,73],20
131726C,[0,8C,35,D2,40,0,0,3F],19
12173BE,[C0,21,40,2,0,0,80,2],22
2202262,[0,2,1,0,50,0,40,0],20
3E0004A,[0,0,0,0,1D,E0,40,0],19
2202262,[0,2,1,0,50,0,40,0],19
131726C,[0,8C,35,D2,40,0,0,3F],20
1E0162A,[40,11,0,40,17,0,59,0],19
3C01428,[C1,80,21,94,E,73,0,0],19
1A0600A,[40,0,0,0,0,9E,40,0],19
131726C,[0,8C,35,D2,40,0,0,3F],20
12173BE,[C0,21,40,2,0,0,80,2],19
14034A2,[0,5B,0,4,89,3,4,0],19
3A04004,[0,A8,FF,FF,FF,FF,FF,FF],20
3000042,[0,0,1,B0,1F,0,B5,E0],19
131726C,[0,8C,35,D2,40,0,0,3F],19
2C1302A,[0,4,0,AB,13,8,80,0],20
2803008,[8D,E1,FF,3F,3D,5,20,0],22
1E0162A,[C0,11,0,40,17,0,59,0],19
2202262,[0,2,1,0,50,0,40,0],20
131726C,[0,8C,35,D2,40,0,0,3F],19
1601422,[0,0,0,1,34,90,6,73],19
1A0600A,[80,0,0,0,0,9E,40,0],19
3A04004,[0,B8,FF,FF,FF,FF,FF,FF],20
131726C,[0,8C,30,D2,40,0,0,3F],19
12173BE,[40,21,40,2,0,0,80,2],19
2300492,[0,0,0,0,0,0,0,4],20
1A0600A,[0,0,0,0,0,9E,40,0],19
C00402,[43,10,0,0,0,0,0,F],19
2510000,[0,0,0,0,0,5,0,0],19
C00402,[83,0,0,0,0,0,0,F],20
217FFC,[3,6B,40,D8,F0,58,0,0],19
E01008,[3,E1,98,0,0,59,4C,0],19
131726C,[0,8C,30,D2,40,0,0,3F],23
217FFC,[1,6B,40,D8,F0,58,0,0],19
14034A2,[0,5B,0,4,89,3,4,0],19
4900002,[0,0,0,0,15,C2,5A,1B],20
2510000,[0,0,0,0,0,5,0,0],19
217FFC,[1,6B,40,D8,F0,58,0,0],19
217FFC,[3,6B,40,D8,F0,58,0,0],20
1A0600A,[40,0,0,0,0,9E,40,0],19
12173BE,[0,21,40,2,0,0,80,2],19
14034A2,[0,5B,0,4,89,3,4,0],19
E01008,[3,E1,98,0,0,59,4C,0],20
1601422,[0,0,0,1,34,90,6,73],19
1A0600A,[C0,0,0,0,0,9E,40,0],19
2C1302A,[40,4,0,AB,13,8,80,0],20
1E0162A,[C0,11,0,40,17,0,99,2],19
12173BE,[C0,21,40,2,0,0,80,2],22
14034A2,[0,5B,0,4,89,3,4,0],20
1A0600A,[40,0,0,0,0,9E,40,0],19
131726C,[0,8C,2E,D2,40,0,0,3F],19
E01008,[3,E1,98,0,0,59,4C,0],20
1601422,[0,0,0,1,34,90,6,73],19
3600008,[0,8,B0,64,30,0,1,0],19
E01008,[3,E1,98,0,0,59,4C,0],20
131726C,[0,8C,2E,D2,40,0,0,3F],19
2803008,[CD,E1,FF,3F,3D,5,20,0],19
E01008,[3,E1,98,0,0,59,4C,0],19
2300492,[0,0,0,0,0,0,0,4],20
3000042,[0,0,1,B0,1F,0,B5,E1],19
C00402,[43,0,0,0,0,0,0,F],19
12173BE,[40,21,40,2,0,0,80,2],20
1A0600A,[80,0,0,0,0,9E,40,0],22
3A04004,[0,A8,FF,FF,FF,FF,FF,FF],19
14034A2,[0,5B,0,4,89,3,4,0],20
2C1302A,[C0,4,0,AB,13,8,80,0],19
2300492,[0,0,0,0,0,0,0,4],19
1A0600A,[0,0,0,0,0,9E,40,0],19
2616CFC,[9,52,0,F,33,1A,F,3D],20
3000042,[0,0,1,B0,1F,0,B5,E2],19
C00402,[83,0,0,0,0,0,0,F],19
14034A2,[0,5B,0,4,89,3,4,0],20
C00402,[C3,10,0,0,0,0,0,F],19
131726C,[0,8C,35,D2,40,0,0,3F],19
217FFC,[1,EB,40,D8,F0,58,0,0],19
217FFC,[3,6B,40,D8,F0,58,0,0],20
3C01428,[41,0,51,94,E,73,0,0],19
12173BE,[0,21,40,2,0,0,80,2],19
2202262,[0,2,1,0,50,0,40,0],23
E01008,[3,E1,98,0,0,59,4C,0],19
1E0162A,[80,11,0,40,17,0,19,0],19
1017FFC,[2,51,C,73,60,4,27,EF],19
1601422,[0,0,0,1,34,90,6,73],19
2202262,[0,2,1,0,50,0,40,0],20
3E0004A,[0,0,0,0,1D,E0,40,0],19
2C1302A,[40,4,0,AB,13,8,80,0],19
131726C,[0,8C,35,D2,40,0,0,3F],19
4900002,[0,0,0,0,15,C2,5A,25],19
E01008,[3,E1,98,0,0,59,4C,0],20
1601422,[0,0,0,1,34,90,6,73],19
3200408,[11,FE,53,0,24,0,10,0],19
E01008,[3,E1,98,0,0,59,4C,0],19
2202262,[0,2,1,0,50,0,40,0],19
2803008,[CD,E1,FF,3F,3D,5,20,0],22
3A04004,[0,A8,FF,FF,FF,FF,FF,FF],20
2C1302A,[0,4,0,AB,13,8,80,0],19
1601422,[0,0,0,1,34,90,6,73],19
C00402,[C3,10,0,0,0,0,0,F],19
1A0600A,[0,0,0,0,0,9E,40,0],19
2300492,[0,0,0,0,0,0,0,4],20
131726C,[0,8C,2C,D2,40,0,0,3F],19
C00402,[43,0,0,0,0,0,0,F],19
2616CFC,[9,52,0,F,33,1A,F,3D],19
1601422,[0,0,0,1,34,90,6,73],19
3A04004,[0,B8,FF,FF,FF,FF,FF,FF],20
C00402,[C3,10,0,0,0,0,0,F],19
2510000,[0,0,0,0,0,5,0,0],19
217FFC,[1,6B,40,D8,F0,58,0,0],19
217FFC,[3,EB,40,D8,F0,58,0,0],20
1E0162A,[80,11,0,40,17,0,59,0],22
1601422,[0,0,0,1,34,90,6,73],19
217FFC,[1,EB,40,D8,F0,58,0,0],25
1601422,[0,0,0,1,34,90,6,73],19
C00402,[C3,10,0,0,0,0,0,F],19
2006428,[1,E3,E0,0,0,0,0,0],19
C00402,[3,10,0,0,0,0,0,F],20
12173BE,[40,21,40,2,0,0,80,2],19
E01008,[3,E1,98,0,0,59,4C,0],19
2510000,[0,0,0,0,0,5,0,0],20
217FFC,[1,6B,40,D8,F0,58,0,0],19
1E0162A,[0,11,0,40,17,0,59,0],19
1A0600A,[40,0,0,0,0,9E,40,0],20
3C01428,[41,80,11,94,E,73,0,0],19
12173BE,[0,21,40,2,0,0,80,2],19
14034A2,[0,5B,0,4,89,3,4,0],23
1E0162A,[C0,11,0,48,17,0,59,0],19
1A0600A,[C0,0,0,0,0,9E,40,0],20
381526C,[0,1,5,BC,D,29,3C,30],19
1601422,[0,0,0,1,34,90,6,73],19
2202262,[0,2,1,0,50,0,40,0],20
12173BE,[C0,31,40,2,0,80,80,2],19
1A0600A,[40,0,0,0,0,9E,40,0],19
131726C,[0,8C,30,D2,40,0,0,3F],20
1601422,[0,0,0,1,34,90,6,73],19
1E0162A,[0,11,0,40,17,0,59,0],19
1601422,[0,0,0,1,34,90,6,73],20
3200408,[11,FE,53,0,24,0,10,0],19
131726C,[0,8C,30,D2,40,0,0,3F],19
2202262,[0,2,1,0,50,0,40,0],20
2803008,[8F,E1,FF,3F,3D,5,20,0],22
2300492,[0,0,0,0,0,0,0,4],20
131726C,[0,8C,30,D2,40,0,0,3F],19
131726C,[0,8C,30,D2,40,0,0,3F],19
E01008,[3,E1,98,0,0,59,4C,0],20
1A0600A,[80,0,0,0,0,9E,40,0],19
2803008,[D,E1,FF,3F,3D,5,20,0],19
4000002,[0,0,0,4,6,4,27,EF],20
2202262,[0,2,1,0,50,0,40,0],19
2C1302A,[0,4,0,AB,13,8,80,0],19
1A0600A,[0,0,0,0,0,9E,40,0],20
C00402,[43,10,0,0,0,0,0,F],19
2616CFC,[9,42,0,F,33,1A,F,3D],19
1E0162A,[81,11,0,40,17,0,19,0],20
12173BE,[40,21,40,2,0,0,80,2],19
14034A2,[0,5B,0,4,89,3,4,0],19
2510000,[0,0,0,0,0,5,0,0],23
2300492,[0,0,0,0,0,0,0,4],19
2803008,[D,E1,FF,3F,3D,5,20,0],19
2C1302A,[C0,4,0,AB,13,8,80,0],20
1E0162A,[80,11,0,40,17,0,19,0],19
C00402,[83,10,0,0,0,0,0,F],19
3000042,[0,0,1,B0,1F,0,B5,E4],20
217FFC,[1,6B,40,D8,F0,58,0,0],19
217FFC,[3,EB,40,D8,F0,58,0,0],20
217FFC,[1,6B,40,D8,F0,58,0,0],19
1601422,[0,0,0,1,34,90,6,73],19
2202262,[0,2,5,0,50,0,40,0],20
1017FFC,[16,1,61,2,1,2,1,2],19
2C1302A,[80,4,0,AB,13,8,80,0],19
131726C,[0,8C,2E,D2,40,0,0,3F],20
1E0162A,[0,11,0,40,17,0,59,0],22
E01008,[3,E1,98,0,0,59,4C,0],20
1A0600A,[40,0,0,0,0,9E,40,0],19
381526C,[0,1,5,BC,D,29,3C,30],19
131726C,[0,8C,30,D2,40,0,0,3F],19
2202262,[0,2,1,0,50,0,40,0],19
12173BE,[C0,31,40,2,0,80,80,2],19
2202262,[0,2,1,0,50,0,40,0],20
2C1302A,[40,4,0,AB,13,8,80,0],19
1E0162A,[40,11,0,40,17,0,99,2],19
E01008,[3,E1,98,0,0,59,4C,0],19
3E0004A,[0,0,0,0,1D,E0,40,0],19
3000042,[0,0,1,B0,1F,0,B5,E5],19
12173BE,[80,21,40,2,0,0,80,2],19
14034A2,[0,5B,0,4,89,3,4,0],20
2803008,[4D,E1,FF,3F,3D,5,20,0],19
3A04004,[0,A8,FF,FF,FF,FF,FF,FF],19
131726C,[0,8C,30,D2,40,0,0,3F],19
2803008,[8F,E1,FF,3F,3D,5,20,0],19
4900002,[0,0,0,0,15,C2,5A,39],19
1A0600A,[0,0,0,0,0,9E,40,0],20
14034A2,[0,5B,0,4,89,3,4,0],19
3000042,[0,0,1,B0,1F,0,B5,E5],19
C00402,[83,0,0,0,0,0,0,F],19
2006428,[1,E3,E0,0,0,0,0,0],19
C00402,[C3,10,0,0,0,0,0,F],19
217FFC,[3,6B,40,D8,F0,58,0,0],20
217FFC,[1,EB,40,D8,F0,58,0,0],19
2202262,[0,2,1,0,50,0,40,0],19
1E0162A,[0,11,0,40,17,0,99,2],19
131726C,[0,8C,30,D2,40,0,0,3F],19
381526C,[0,1,5,BC,D,29,3C,30],23
E01008,[3,E1,98,0,0,59,4C,0],19
1A0600A,[40,0,0,0,0,9E,40,0],19
12173BE,[C0,21,40,2,0,0,80,2],19
131726C,[0,8C,2C,D2,40,0,0,3F],19
1A0600A,[80,0,0,0,0,9E,40,0],19
1601422,[0,0,0,1,34,90,6,73],20
1E0162A,[40,11,0,48,17,0,19,0],19
1601422,[0,0,0,1,34,90,6,73],19
381526C,[0,1,5,BC,D,29,3C,30],19
E01008,[3,E1,98,0,0,59,4C,0],19
2202262,[0,2,1,0,50,0,40,0],20
3000042,[0,0,1,B0,1F,0,B5,E5],19
1601422,[0,0,0,1,34,90,6,73],19
2C1302A,[0,4,0,AB,13,8,80,0],19
1601422,[0,0,0,1,34,90,6,73],22
3A04004,[0,A8,FF,FF,FF,FF,FF,FF],20
131726C,[0,8C,2C,D2,40,0,0,3F],19
2803008,[D,E1,FF,3F,3D,5,20,0],19
12173BE,[80,21,40,2,0,0,80,2],19
14034A2,[0,5B,0,4,89,3,4,0],20
2616CFC,[9,52,0,F,33,1A,F,3D],19
131726C,[0,8C,2C,D2,40,0,0,3F],19
C00402,[43,0,0,0,0,0,0,F],19
2510000,[0,0,0,0,0,5,0,0],19
C00402,[83,10,0,0,0,0,0,F],19
131726C,[0,8C,2E,D2,40,0,0,3F],20
217FFC,[1,6B,40,D8,F0,58,0,0],19
217FFC,[3,EB,40,D8,F0,58,0,0],19
1601422,[0,0,0,1,34,90,6,73],19
131726C,[0,8C,2E,D2,40,0,0,3F],22
2C1302A,[40,4,0,AB,13,8,80,0],20
217FFC,[3,6B,40,D8,F0,58,0,0],19
12173BE,[0,31,40,2,0,80,80,2],19
2C1302A,[80,0,0,AB,13,8,80,0],20
131726C,[0,8C,2E,D2,40,0,0,3F],19
1E0162A,[40,11,0,40,17,0,19,0],19
3C01428,[C1,0,1,94,E,73,0,0],19
1017FFC,[1,F,15,C2,5A,43,FF,F3],20
4600002,[0,0,0,0,0,0,1,3],19
12173BE,[C0,21,40,2,0,0,80,2],19
2202262,[0,2,5,0,50,0,40,0],20
2300492,[0,0,0,0,0,0,0,4],19
1601422,[0,0,0,1,34,90,6,73],19
131726C,[0,8C,2E,D2,40,0,0,3F],19
1E0162A,[80,11,0,40,17,0,99,2],20
3200408,[11,FE,53,0,24,0,10,0],17
12173BE,[80,31,40,2,0,80,80,2],19
3C01428,[1,81,41,94,E,73,0,0],20
2616CFC,[9,56,0,F,33,1A,F,3D],19
1601422,[0,0,0,1,34,90,6,73],19
2C1302A,[C0,4,0,AB,13,8,80,0],19
131726C,[0,8C,2C,D2,40,0,0,3F],20
3000042,[0,0,1,B0,1F,0,B5,E6],19
C00402,[3,0,0,0,0,0,0,F],19
E01008,[3,E5,98,0,0,59,4C,0],20
217FFC,[1,6B,40,D8,F0,58,0,0],19
217FFC,[3,EB,40,D8,F0,58,0,0],19
2300492,[0,0,0,0,0,0,0,4],19
1A0600A,[C0,0,0,0,0,9E,40,0],20
3C01428,[41,0,71,94,E,73,0,0],19
12173BE,[0,21,40,2,0,0,80,2],23
2803008,[8D,E1,FF,3F,3D,5,20,0],19
E01008,[3,E1,98,0,0,59,4C,0],19
1A0600A,[40,0,0,0,0,9E,40,0],19
1E0162A,[40,11,0,40,17,0,99,2],20
1601422,[0,0,0,1,34,90,6,73],19
1017FFC,[13,1,1,1,2,2,1,4],19
12173BE,[C0,31,40,2,0,80,80,2],20
1A0600A,[C0,0,0,0,0,9E,40,0],19
131726C,[0,8C,2C,D2,40,0,0,3F],19
2C1302A,[40,0,0,AB,13,8,80,0],19
E01008,[3,E1,98,0,0,59,4C,0],20
1601422,[0,0,0,1,34,90,6,73],19
3000042,[0,0,1,B0,1F,0,B5,E7],19
E01008,[3,E1,98,0,0,59,4C,0],20
2202262,[0,2,1,0,50,0,40,0],22
1A0600A,[80,0,0,0,0,9E,40,0],19
3200408,[11,FE,53,0,24,0,10,0],20
131726C,[0,8C,32,D2,40,0,0,3F],19
131726C,[0,8C,32,D2,40,0,0,3F],19
2C1302A,[0,0,0,AB,13,8,80,0],19
1A0600A,[0,0,0,0,0,9E,40,0],20
2616CFC,[9,52,0,F,33,1A,F,3D],19
12173BE,[80,31,40,2,0,80,80,2],19
1E0162A,[0,11,0,40,17,0,19,0],20
2803008,[8D,E1,FF,3F,3D,5,20,0],19
1A0600A,[80,0,0,0,0,9E,40,0],19
3A04004,[0,A8,FF,FF,FF,FF,FF,FF],20
2616CFC,[9,56,0,F,33,1A,F,3D],19
2510000,[0,0,0,0,0,5,0,0],19
12173BE,[40,21,40,2,0,0,80,2],23
E01008,[3,E1,98,0,0,59,4C,0],19
131726C,[0,8C,32,D2,40,0,0,3F],19
3000042,[0,0,1,B0,1F,0,B5,E7],20
E01008,[3,E1,98,0,0,59,4C,0],19
1601422,[0,0,0,1,34,90,6,73],19
C00402,[43,10,0,0,0,0,0,F],20
217FFC,[3,6B,40,D8,F0,58,0,0],19
217FFC,[1,6B,40,D8,F0,58,0,0],19
1A0600A,[C0,0,0,0,0,9E,40,0],20
2C1302A,[80,4,0,AB,13,8,80,0],19
131726C,[0,8C,32,D2,40,0,0,3F],19
1601422,[0,0,0,1,34,90,6,73],19
2202262,[0,2,1,0,50,0,40,0],20
1A0600A,[40,0,0,0,0,9E,40,0],19
2202262,[0,2,1,0,50,0,40,0],19
1B500000,[0,0,0,0,0,0,0,0],23
2C1302A,[0,0,0,AB,13,8,80,0],19
E01008,[3,E1,98,0,0,59,4C,0],19
1E0162A,[80,11,0,48,17,0,59,0],20
381526C,[0,1,5,BC,D,29,3C,30],19
1E0162A,[C0,11,0,40,17,0,99,2],19
2202262,[0,2,1,0,50,0,40,0],20
12173BE,[C0,31,40,2,0,80,80,2],19
3200408,[11,FE,53,0,24,0,10,0],19
131726C,[0,8C,32,D2,40,0,0,3F],20
1601422,[0,0,0,1,34,90,6,73],19
E01008,[3,E1,98,0,0,59,4C,0],19
