131726C,[0,8C,39,D2,0,0,0,3F],9621
131726C,[0,8C,39,D2,0,0,0,3F],17
131726C,[0,8C,39,D2,0,0,0,3F],18
1E0162A,[C0,10,0,40,17,0,59,0],17
E01008,[3,E1,98,0,0,20,4C,0],18
3000042,[0,0,1,B0,1C,0,2,22],17
C00402,[43,10,0,0,0,0,0,4],16
217FFC,[3,EB,40,D8,F0,58,0,0],17
2202262,[0,2,3,80,50,0,40,0],17
12173BE,[40,21,0,2,0,2,A2,2],18
131726C,[0,8C,39,D2,0,0,0,3F],17
1601422,[0,0,0,1,34,90,6,4D],17
131726C,[0,8C,39,D2,0,0,0,3F],18
131726C,[0,8C,39,D2,0,0,0,3F],17
1A0600A,[80,0,0,0,0,9E,40,0],17
217FFC,[1,6B,40,D8,F0,58,0,0],19
2300492,[0,0,0,0,0,0,0,4],18
1A0600A,[C0,0,0,0,0,9E,40,0],16
E01008,[3,E1,98,0,0,20,4C,0],17
12173BE,[40,31,0,2,0,82,A2,2],21
131726C,[0,8C,39,D2,0,0,0,3F],16
E01008,[3,E1,98,0,0,20,4C,0],18
3000042,[0,0,1,B0,1C,0,2,22],17
2803008,[F,E1,FF,3F,3D,C5,20,0],17
12173BE,[C0,31,0,2,0,82,A2,2],18
217FFC,[3,6B,40,D8,F0,58,0,0],17
2202262,[0,2,3,80,50,0,40,0],18
131726C,[0,8C,32,D2,0,0,0,3F],17
E01008,[3,E1,98,0,0,20,4C,0],16
1E0162A,[0,10,0,40,17,0,99,2],18
131726C,[0,8C,32,D2,0,0,0,3F],20
1A0600A,[0,0,0,0,0,9E,40,0],17
217FFC,[3,EB,40,D8,F0,58,0,0],17
217FFC,[1,6B,40,D8,F0,58,0,0],18
14034A2,[0,5B,0,4,89,3,4,0],17
1E0162A,[C0,10,0,48,17,0,99,2],17
2C1302A,[80,4,0,9E,13,8,80,0],18
131726C,[0,8C,32,D2,0,0,0,3F],16
C00402,[C3,0,0,0,0,0,0,4],17
1E0162A,[40,10,0,40,17,0,19,0],17
E01008,[3,E1,98,0,0,20,4C,0],17
1E0162A,[80,10,0,40,17,0,99,2],18
12173BE,[80,31,0,2,0,82,A2,2],17
131726C,[0,8C,32,D2,0,0,0,3F],18
2202262,[0,2,3,80,50,0,40,0],16
3000042,[0,0,1,B0,1C,0,2,22],20
131726C,[0,8C,32,D2,0,0,0,3F],20
12173BE,[0,31,0,2,0,82,A2,2],17
1A0600A,[80,0,0,0,0,9E,40,0],17
2510000,[0,0,0,0,0,0,0,89],16
217FFC,[3,6B,40,D8,F0,58,0,0],18
4000002,[0,0,0,4,6,1,B1,93],17
14034A2,[0,5B,0,4,89,3,4,0],17
1E0162A,[0,10,0,40,17,0,59,2],18
2803008,[4F,E1,FF,3F,3D,C5,20,0],17
1E0162A,[40,10,0,40,17,0,19,0],17
217FFC,[1,6B,40,D8,F0,58,0,0],16
217FFC,[3,6B,40,D8,F0,58,0,0],17
4900002,[0,0,0,0,F6,CA,C9,17],18
1E0162A,[C0,10,0,48,17,0,59,0],17
12173BE,[40,21,0,2,0,2,A2,2],18
1E0162A,[0,10,0,40,17,0,19,0],19
2C1302A,[40,4,0,9E,13,8,80,0],17
1E0162A,[40,10,0,40,17,0,99,2],18
2803008,[D,E1,FF,3F,3D,C5,20,0],17
12173BE,[C0,31,0,2,0,82,A2,2],18
2300492,[0,0,0,0,0,0,0,4],16
2202262,[0,2,3,80,50,0,40,0],16
3600008,[0,0,B0,64,30,0,1,0],18
E01008,[3,E1,98,0,0,20,4C,0],17
3C01428,[80,80,41,4E,E,4D,0,0],18
1A0600A,[80,0,0,0,0,9E,40,0],17
2510000,[0,0,0,0,0,0,0,89],18
1E0162A,[80,10,0,40,17,0,19,0],17
1A0600A,[C0,0,0,0,0,9E,40,0],18
1601422,[0,0,0,1,34,90,6,4D],18
E01008,[3,E1,98,0,0,20,4C,0],19
131726C,[0,8C,35,D2,0,0,0,3F],18
381526C,[0,9,5,BC,3,9E,32,2C],17
3000042,[0,0,1,B0,1C,0,2,22],17
2202262,[0,2,3,80,50,0,40,0],17
2006428,[1,E3,E0,0,0,0,0,0],16
217FFC,[3,6B,40,D8,F0,58,0,0],18
3200408,[11,F8,50,0,0,0,0,0],17
C00402,[C3,0,0,0,0,0,0,4],17
2202262,[0,2,3,80,50,0,40,0],18
3E0004A,[0,0,0,0,1D,E0,0,0],16
131726C,[0,8C,37,D2,0,0,0,3F],18
14034A2,[0,5B,0,4,89,3,4,0],17
217FFC,[3,6B,40,D8,F0,58,0,0],17
131726C,[0,8C,37,D2,0,0,0,3F],18
1E0162A,[C0,10,0,40,17,0,99,0],19
2C1302A,[40,0,0,9E,13,8,80,0],18
1601422,[0,0,0,1,34,90,6,4D],17
1A0600A,[80,0,0,0,0,9E,40,0],17
1017FFC,[1B,1,2,10,1,1,1,1],16
12173BE,[C0,21,0,2,0,2,A2,2],17
217FFC,[1,6B,40,D8,F0,58,0,0],18
2300492,[0,0,0,0,0,0,0,4],16
1E0162A,[C0,10,0,40,17,0,59,0],18
131726C,[0,8C,37,D2,0,0,0,3F],17
1E0162A,[0,10,0,40,17,0,19,0],18
3000042,[0,0,1,B0,1C,0,2,22],17
1E0162A,[40,10,0,40,17,0,99,2],16
2510000,[0,0,0,0,0,0,0,89],18
1E0162A,[80,10,0,48,17,0,59,0],17
1601422,[0,0,0,1,34,90,6,4D],16
E01008,[3,E1,98,0,0,20,4C,0],20
3000042,[0,0,1,B0,1C,0,2,22],16
1E0162A,[0,10,0,40,17,0,99,2],18
131726C,[0,8C,35,D2,0,0,0,3F],17
1A0600A,[0,0,0,0,0,9E,40,0],16
E01008,[3,E1,98,0,0,20,4C,0],18
131726C,[0,8C,35,D2,0,0,0,3F],17
12173BE,[80,21,0,2,0,2,A2,2],17
4900002,[0,0,0,0,F6,CA,C9,21],16
2202262,[0,2,7,80,50,0,40,0],17
1A0600A,[80,0,0,0,0,9E,40,0],18
C00402,[83,0,0,0,0,0,0,4],16
E01008,[3,E1,98,0,0,20,4C,0],18
1A0600A,[C0,0,0,0,0,9E,40,0],17
E01008,[3,E1,98,0,0,20,4C,0],16
3E0004A,[0,0,0,0,1D,E0,0,0],20
4000002,[0,0,0,4,6,1,B1,93],16
2202262,[0,2,3,80,50,0,40,0],18
3000042,[0,0,1,B0,1C,0,2,22],17
2616CFC,[B,42,0,F,33,5A,F,3D],18
12173BE,[C0,31,0,2,0,82,A2,2],17
E01008,[3,E1,98,0,0,20,4C,0],18
2C1302A,[C0,4,0,9E,13,8,80,0],18
4200002,[64,0,7C,0,1A,4D,50,0],17
E01008,[3,E1,98,0,0,20,4C,0],17
14034A2,[0,5B,0,4,89,3,4,0],16
131726C,[0,8C,35,D2,0,0,0,3F],17
1A0600A,[0,0,0,0,0,9E,40,0],18
217FFC,[3,EB,40,D8,F0,58,0,0],17
131726C,[0,8C,35,D2,0,0,0,3F],18
1A0600A,[40,0,0,0,0,9E,40,0],17
E01008,[3,E1,98,0,0,20,4C,0],20
131726C,[0,8C,39,D2,0,0,0,3F],17
131726C,[0,8C,39,D2,0,0,0,3F],17
C00402,[3,0,0,0,0,0,0,4],17
3000042,[0,0,1,B0,1C,0,2,22],17
E01008,[3,E1,98,0,0,20,4C,0],18
2300492,[0,0,0,0,0,0,0,4],17
12173BE,[80,31,0,2,0,82,A2,2],17
131726C,[0,8C,39,D2,0,0,0,3F],17
2202262,[0,2,3,80,50,0,40,0],16
3000042,[0,0,1,B0,1C,0,2,22],18
131726C,[0,8C,39,D2,0,0,0,3F],17
1601422,[0,0,0,1,34,90,6,4D],17
217FFC,[3,EB,40,D8,F0,58,0,0],18
131726C,[0,8C,39,D2,0,0,0,3F],17
131726C,[0,8C,39,D2,0,0,0,3F],20
3000042,[0,0,1,B0,1C,0,2,22],17
2C1302A,[80,4,0,9E,13,8,80,0],18
FFFFE,[D8,0,0,0,0,0,0,0],18
2803008,[CD,E1,FF,3F,3D,C5,20,0],17
1B500000,[0,0,0,0,0,0,0,0],17
2510000,[0,0,0,0,0,0,0,89],17
2202262,[0,2,3,80,50,0,40,0],17
3C01428,[40,80,41,4E,E,4D,0,0],18
E01008,[3,E1,98,0,0,20,4C,0],17
12173BE,[40,21,0,2,0,2,A2,2],17
2803008,[4D,E1,FF,3F,3D,C5,60,0],16
2202262,[0,2,3,80,50,0,40,0],16
3A04004,[0,A9,FF,FF,FF,FF,FF,FF],18
217FFC,[3,EB,40,D8,F0,58,0,0],17
1601422,[0,0,0,1,34,90,6,4D],21
131726C,[0,8C,39,D2,0,0,0,3F],16
131726C,[0,8C,39,D2,0,0,0,3F],18
3200408,[11,B8,50,0,0,0,0,0],17
131726C,[0,8C,39,D2,0,0,0,3F],17
3C01428,[80,0,31,4E,E,4D,0,0],18
2803008,[D,E1,FF,3F,3D,C5,20,0],17
217FFC,[1,6B,40,D8,F0,58,0,0],17
3E0004A,[0,0,0,0,1D,E0,0,0],16
1A0600A,[C0,0,0,0,0,9E,40,0],17
3A04004,[0,A9,FF,FF,FF,FF,FF,FF],18
E01008,[3,E1,98,0,0,20,4C,0],17
1A0600A,[0,0,0,0,0,9E,40,0],18
14034A2,[0,5B,0,4,89,3,4,0],17
2510000,[0,0,0,0,0,0,0,89],16
1A0600A,[40,0,0,0,0,9E,40,0],19
12173BE,[40,31,0,2,0,82,A2,2],19
2C1302A,[80,0,0,9E,13,8,80,0],18
14034A2,[0,5B,0,4,89,3,4,0],17
C00402,[3,0,0,0,0,0,0,4],17
3000042,[0,0,1,B0,1C,0,2,22],17
C00402,[43,10,0,0,0,0,0,4],17
217FFC,[3,EB,40,D8,F0,58,0,0],18
E01008,[3,E1,98,0,0,20,4C,0],16
381526C,[0,9,5,BC,3,9E,32,2C],18
131726C,[0,8C,39,D2,0,0,0,3F],17
3E0004A,[0,0,0,0,1D,E0,0,0],17
2803008,[8F,E1,FF,3F,3D,C5,20,0],18
2C1302A,[40,4,0,9E,13,8,80,0],17
1A0600A,[80,0,0,0,0,9E,40,0],18
2006428,[1,E3,E0,0,0,0,0,0],17
14034A2,[0,5B,0,4,89,3,4,0],19
1A0600A,[C0,0,0,0,0,9E,40,0],18
2202262,[0,2,7,80,50,0,40,0],17
381526C,[0,9,5,BC,3,9E,32,2C],17
131726C,[0,8C,37,D2,0,0,0,3F],16
14034A2,[0,5B,0,4,89,3,4,0],17
2616CFC,[B,42,0,F,33,5A,F,3D],18
131726C,[0,8C,37,D2,0,0,0,3F],17
217FFC,[1,6B,40,D8,F0,58,0,0],18
2300492,[0,0,0,0,0,0,0,4],17
2202262,[0,2,3,80,50,0,40,0],16
E01008,[3,E1,98,0,0,20,4C,0],18
2C1302A,[40,0,0,9E,13,8,80,0],17
2006428,[1,E3,E0,0,0,0,0,0],17
131726C,[0,8C,37,D2,0,0,0,3F],16
2510000,[0,0,0,0,0,0,0,89],18
217FFC,[3,EB,40,D8,F0,58,0,0],19
131726C,[0,8C,37,D2,0,0,0,3F],16
2300492,[0,0,0,0,0,0,0,4],18
4600002,[0,0,0,0,0,0,1,3],16
2202262,[0,2,3,80,50,0,40,0],18
1A0600A,[80,0,0,0,0,9E,40,0],17
C00402,[C3,0,10,0,0,0,0,4],16
1601422,[0,0,0,1,34,90,6,4C],18
1A0600A,[C0,0,0,0,0,9E,40,0],17
E01008,[3,E1,98,0,0,20,4C,0],17
12173BE,[40,31,0,2,0,82,A2,2],17
131726C,[0,8C,37,D2,0,0,0,3F],17
2202262,[0,2,3,80,50,0,40,0],18
3000042,[0,0,1,B0,1C,0,2,22],16
131726C,[0,8C,37,D2,0,0,0,3F],17
14034A2,[0,5B,0,4,89,3,4,0],19
2300492,[0,0,0,0,0,0,0,4],17
2202262,[0,2,3,80,50,0,40,0],18
3600008,[0,0,B0,60,30,0,0,0],16
E01008,[3,E1,98,0,0,20,4C,0],18
1601422,[0,0,0,1,34,90,6,4C],17
2803008,[8D,E1,FF,3F,3D,C5,20,0],16
2510000,[0,0,0,0,0,0,0,89],18
217FFC,[3,EB,40,D8,F0,58,0,0],16
131726C,[0,8C,37,D2,0,0,0,3F],18
1A0600A,[40,0,0,0,0,9E,40,0],17
E01008,[3,E1,98,0,0,20,4C,0],18
131726C,[0,8C,37,D2,0,0,0,3F],16
1A0600A,[80,0,0,0,0,9E,40,0],17
C00402,[43,0,0,0,0,0,0,4],18
217FFC,[3,6B,40,D8,F0,58,0,0],16
1A0600A,[C0,0,0,0,0,9E,40,0],20
3A04004,[0,B9,FF,FF,FF,FF,FF,FF],16
14034A2,[0,5B,0,4,89,3,4,0],16
131726C,[0,8C,37,D2,0,0,0,3F],18
2803008,[8D,E1,FF,3F,3D,C5,20,0],17
3000042,[0,0,1,B0,1C,0,2,22],18
4200002,[64,0,7C,0,1A,4C,50,0],17
E01008,[3,E1,98,0,0,20,4C,0],17
2300492,[0,0,0,0,0,0,0,4],17
131726C,[0,8C,37,D2,0,0,0,3F],17
12173BE,[40,21,0,2,0,2,A2,2],18
3000042,[0,0,1,B0,1C,0,2,22],17
2202262,[0,2,7,80,50,0,40,0],17
217FFC,[3,6B,40,D8,F0,58,0,0],18
E01008,[3,E1,98,0,0,20,4C,0],16
14034A2,[0,5B,0,4,89,3,4,0],20
131726C,[0,8C,37,D2,0,0,0,3F],17
2202262,[0,2,3,80,50,0,40,0],17
3C01428,[40,1,41,4E,E,4C,0,0],18
4000002,[0,0,0,4,6,1,B1,93],16
14034A2,[0,5B,0,4,89,3,4,0],18
2803008,[CF,E1,FF,3F,3D,C5,20,0],17
3000042,[0,0,1,B0,1C,0,2,22],18
131726C,[0,8C,37,D2,0,0,0,3F],17
1E0162A,[0,10,0,40,17,0,99,2],17
2202262,[0,2,3,80,50,0,40,0],18
131726C,[0,8C,37,D2,0,0,0,3F],17
1B500000,[0,0,0,0,0,0,0,0],17
2006428,[1,E3,E0,0,0,0,0,0],16
131726C,[0,8C,37,D2,0,0,0,3F],17
2202262,[0,2,3,80,50,0,40,0],18
2300492,[0,0,0,0,0,0,0,4],19
2C1302A,[C0,0,0,9E,13,8,80,0],18
12173BE,[80,21,0,2,0,2,A2,2],17
1A0600A,[C0,0,0,0,0,9E,40,0],18
2202262,[0,2,3,80,50,0,40,0],16
131726C,[0,8C,37,D2,0,0,0,3F],16
1A0600A,[0,0,0,0,0,9E,40,0],18
1601422,[0,0,0,1,34,90,6,4C],17
217FFC,[1,6B,40,D8,F0,58,0,0],18
2300492,[0,0,0,0,0,0,0,4],16
4900002,[0,0,0,0,F6,CA,C9,3E],16
2803008,[4D,E1,FF,3F,3D,C5,20,0],17
4000002,[0,0,0,4,6,1,B1,93],16
C00402,[43,0,0,0,0,0,0,4],18
2803008,[8D,E1,FF,3F,3D,C5,20,0],17
12173BE,[C0,21,0,2,0,2,A2,2],21
217FFC,[3,6B,40,D8,F0,58,0,0],18
2202262,[0,2,3,80,50,0,40,0],16
381526C,[0,9,5,BC,3,9F,32,2C],18
E01008,[3,E1,98,0,0,20,4C,0],17
12173BE,[40,21,0,2,0,2,A2,2],17
2803008,[D,E1,FF,3F,3D,C5,20,0],18
131726C,[0,8C,37,D2,0,0,0,3F],17
217FFC,[3,6B,40,D8,F0,58,0,0],17
217FFC,[1,6B,40,D8,F0,58,0,0],17
1601422,[0,0,0,1,34,90,6,4C],17
1A0600A,[C0,0,0,0,0,9E,40,0],18
2C1302A,[80,4,0,9E,13,8,80,0],17
3200408,[11,F8,50,0,0,0,0,0],18
1A0600A,[0,0,0,0,0,9E,40,0],17
2202262,[0,2,3,80,50,0,40,0],20
E01008,[3,E1,98,0,0,20,4C,0],17
131726C,[0,8C,37,D2,0,0,0,3F],16
12173BE,[80,31,0,2,0,82,A2,2],17
131726C,[0,8C,37,D2,0,0,0,3F],17
2202262,[0,2,3,80,50,0,40,0],18
E01008,[3,E1,98,0,0,20,4C,0],17
3000042,[0,0,1,B0,1C,0,2,22],17
14034A2,[0,5B,0,4,89,3,4,0],17
217FFC,[3,6B,40,D8,F0,58,0,0],16
E01008,[3,E1,98,0,0,20,4C,0],18
2300492,[0,0,0,0,0,0,0,4],17
2C1302A,[80,0,0,9E,13,8,80,0],18
1601422,[0,0,0,1,34,90,6,4C],18
131726C,[0,8C,37,D2,0,0,0,3F],17
2803008,[CD,E1,FF,3F,3D,C5,20,0],18
1A0600A,[80,0,0,0,0,9E,40,0],19
2510000,[0,0,0,0,0,0,0,89],17
E01008,[3,E1,98,0,0,20,4C,0],17
1A0600A,[C0,0,0,0,0,9E,40,0],17
2300492,[0,0,0,0,0,0,0,4],17
12173BE,[40,31,0,2,0,82,A2,2],16
131726C,[0,8C,37,D2,0,0,0,3F],18
2C1302A,[40,4,0,9E,13,8,80,0],17
3000042,[0,0,1,B0,1C,0,2,22],17
131726C,[0,8C,37,D2,0,0,0,3F],18
14034A2,[0,5B,0,4,89,3,4,0],17
2C1302A,[80,0,0,9E,13,8,80,0],18
131726C,[0,8C,37,D2,0,0,0,3F],16
2803008,[CD,E1,FF,3F,3D,C5,60,0],17
3000042,[0,0,1,B0,1C,0,2,22],17
3A04004,[0,A9,FF,FF,FF,FF,FF,FF],20
2803008,[F,E1,FF,3F,3D,C5,20,0],18
C00402,[C3,10,0,0,0,0,0,4],16
2C1302A,[0,4,0,9E,13,8,80,0],17
131726C,[0,8C,39,D2,0,0,0,3F],18
1A0600A,[40,0,0,0,0,9E,40,0],16
4900002,[0,0,0,0,F6,CA,C9,49],18
2C1302A,[40,0,0,9E,13,8,80,0],17
1A0600A,[80,0,0,0,0,9E,40,0],19
C00402,[83,0,0,0,0,0,0,4],17
2202262,[0,2,3,80,50,0,40,0],16
1A0600A,[C0,0,0,0,0,9E,40,0],18
2300492,[0,0,0,0,0,0,0,4],17
1601422,[0,0,0,1,34,90,6,4C],17
131726C,[0,8C,39,D2,0,0,0,3F],17
2803008,[F,E1,FF,3F,3D,C5,20,0],20
3000042,[0,0,1,B0,1C,0,2,22],17
131726C,[0,8C,39,D2,0,0,0,3F],17
E01008,[3,E1,98,0,0,20,4C,0],17
3E0004A,[0,0,0,0,1D,E0,0,0],16
131726C,[0,8C,39,D2,0,0,0,3F],17
12173BE,[40,21,0,2,0,2,A2,2],18
2C1302A,[40,0,0,9E,13,8,80,0],16
2202262,[0,2,3,80,50,0,40,0],18
217FFC,[3,6B,40,D8,F0,58,0,0],17
E01008,[3,E1,98,0,0,20,4C,0],16
14034A2,[0,5B,0,4,89,3,4,0],17
131726C,[0,8C,39,D2,0,0,0,3F],17
1E0162A,[0,10,0,40,17,0,99,0],18
3600008,[0,4,B0,64,30,0,1,0],16
131726C,[0,8C,32,D2,0,0,0,3F],16
1A0600A,[80,0,0,0,0,9E,40,0],20
E01008,[3,E1,98,0,0,20,4C,0],16
2C1302A,[0,4,0,9E,13,8,80,0],18
1E0162A,[C0,10,0,40,17,0,99,0],17
2300492,[0,0,0,0,0,0,0,4],19
4200002,[64,0,3C,0,1A,4C,50,0],17
131726C,[0,8C,32,D2,0,0,0,3F],17
1E0162A,[40,10,0,40,17,0,59,0],18
1601422,[0,0,0,1,34,90,6,4C],17
131726C,[0,8C,32,D2,0,0,0,3F],17
2510000,[0,0,0,0,0,0,0,89],16
1E0162A,[C0,10,0,48,17,0,59,0],17
131726C,[0,8C,32,D2,0,0,0,3F],18
1601422,[0,0,0,1,34,90,6,4C],17
3000042,[0,0,1,B0,1C,0,2,22],18
2510000,[0,0,0,0,0,0,0,89],19
131726C,[0,8C,32,D2,0,0,0,3F],17
1A0600A,[0,0,0,0,0,9E,40,0],18
2616CFC,[B,42,0,F,33,5A,F,3D],17
131726C,[0,8C,32,D2,0,0,0,3F],18
1A0600A,[40,0,0,0,0,9E,40,0],16
12173BE,[40,31,0,2,0,82,A2,2],16
2803008,[CD,E1,FF,3F,3D,C5,20,0],18
2202262,[0,2,3,80,50,0,40,0],17
C00402,[83,0,10,0,0,0,0,4],18
2803008,[D,E1,FF,3F,3D,C5,60,0],17
217FFC,[1,EB,40,D8,F0,58,0,0],17
1E0162A,[C0,10,0,40,17,0,99,2],18
131726C,[0,8C,39,D2,0,0,0,3F],17
2616CFC,[B,42,0,F,33,5A,F,3D],17
E01008,[3,E1,98,0,0,20,4C,0],19
1E0162A,[40,10,0,40,17,0,19,0],19
2C1302A,[0,0,0,9E,13,8,80,0],17
131726C,[0,8C,39,D2,0,0,0,3F],17
217FFC,[3,6B,40,D8,F0,58,0,0],17
217FFC,[1,EB,40,D8,F0,58,0,0],16
1601422,[0,0,0,1,34,90,6,4D],18
1A0600A,[C0,0,0,0,0,9E,40,0],17
3A04004,[0,A9,FF,FF,FF,FF,FF,FF],17
2803008,[D,E1,FF,3F,3D,C5,20,0],18
1A0600A,[0,0,0,0,0,9E,40,0],17
2202262,[0,2,3,80,50,0,40,0],17
E01008,[3,E1,98,0,0,20,4C,0],17
2C1302A,[C0,0,0,9E,13,8,80,0],17
14034A2,[0,5B,0,4,89,3,4,0],18
2300492,[0,0,0,0,0,0,0,4],17
131726C,[0,8C,39,D2,0,0,0,3F],20
E01008,[3,E1,98,0,0,20,4C,0],17
3000042,[0,0,1,B0,1C,0,2,22],18
C00402,[43,10,0,0,0,0,0,4],16
217FFC,[3,6B,40,D8,F0,58,0,0],17
1E0162A,[C0,10,0,40,17,0,59,0],18
12173BE,[40,21,0,2,0,2,A2,2],17
1E0162A,[0,10,0,40,17,0,19,0],18
E01008,[3,E1,98,0,0,20,4C,0],16
1E0162A,[40,10,0,40,17,0,99,2],16
2510000,[0,0,0,0,0,0,0,89],18
14034A2,[0,5B,0,4,89,3,4,0],17
2C1302A,[C0,0,0,9E,13,8,80,0],18
2202262,[0,2,3,80,50,0,40,0],106
3000042,[0,0,1,B0,1C,0,2,22],161
1A0600A,[0,0,0,0,0,9E,40,0],65
3E0004A,[0,0,0,0,1D,E0,0,0],18
131726C,[0,8C,39,D2,0,0,0,3F],16
14034A2,[0,5B,0,4,89,3,4,0],18
217FFC,[1,EB,40,D8,F0,58,0,0],17
131726C,[0,8C,39,D2,0,0,0,3F],17
1E0162A,[C0,10,0,40,17,0,99,0],18
2C1302A,[80,0,0,9E,13,8,80,0],17
E01008,[3,E1,98,0,0,20,4C,0],17
1A0600A,[0,0,0,0,0,9E,40,0],17
1E0162A,[40,10,0,40,17,0,59,0],17
12173BE,[C0,21,0,2,0,2,A2,2],18
217FFC,[3,6B,40,D8,F0,58,0,0],17
2202262,[0,2,7,80,50,0,40,0],18
2300492,[0,0,0,0,0,0,0,4],16
131726C,[0,8C,32,D2,0,0,0,3F],19
1E0162A,[0,10,0,40,17,0,19,0],18
3000042,[0,0,1,B0,1C,0,2,22],17
1017FFC,[5,0,37,9E,40,6A,7,A8],17
217FFC,[3,6B,40,D8,F0,58,0,0],16
217FFC,[1,EB,40,D8,F0,58,0,0],17
1601422,[0,0,0,1,34,90,6,4C],18
131726C,[0,8C,32,D2,0,0,0,3F],17
2300492,[0,0,0,0,0,0,0,4],17
1E0162A,[1,10,0,40,17,0,99,2],16
131726C,[0,8C,32,D2,0,0,0,3F],23
1601422,[0,0,0,1,34,90,6,4C],17
2803008,[CD,E1,FF,3F,3D,C5,20,0],17
3000042,[0,0,1,B0,1C,0,2,22],17
217FFC,[1,EB,40,D8,F0,58,0,0],16
1E0162A,[C0,10,0,40,17,0,99,2],18
2202262,[0,2,3,80,50,0,40,0],17
2300492,[0,0,0,0,0,0,0,4],17
2C1302A,[40,0,0,9E,13,8,80,0],17
1E0162A,[40,10,0,40,17,0,19,0],17
131726C,[0,8C,37,D2,0,0,0,3F],17
C00402,[43,10,0,0,0,0,0,4],17
E01008,[3,E1,98,0,0,20,4C,0],17
1E0162A,[C0,10,0,40,17,0,59,0],16
14034A2,[0,5B,0,4,89,3,4,0],17
1E0162A,[0,10,0,40,17,0,99,0],18
3A04004,[0,A9,FF,FF,FF,FF,FF,FF],17
131726C,[0,8C,37,D2,0,0,0,3F],17
1A0600A,[0,0,0,0,0,9E,40,0],17
E01008,[3,E1,98,0,0,20,4C,0],17
131726C,[0,8C,37,D2,0,0,0,3F],18
1E0162A,[C0,10,0,40,17,0,99,0],19
12173BE,[40,31,0,2,0,82,A2,2],18
2C1302A,[40,0,0,9E,13,8,80,0],16
2202262,[0,2,3,80,50,0,40,0],16
1017FFC,[17,1,2,2,1,3,3,1],18
2803008,[8F,E1,FF,3F,3D,C5,20,0],16
217FFC,[1,EB,40,D8,F0,58,0,0],19
217FFC,[3,6B,40,D8,F0,58,0,0],17
2202262,[0,2,3,80,50,0,40,0],16
3200408,[11,F8,50,0,0,0,0,0],18
E01008,[3,E5,98,0,0,20,4C,0],17
1601422,[0,0,0,1,34,90,6,4D],17
1E0162A,[40,10,0,40,17,0,99,2],17
C00402,[C3,10,0,0,0,0,0,4],17
1E0162A,[80,10,0,48,17,0,59,0],18
131726C,[0,8C,37,D2,0,0,0,3F],19
1E0162A,[C0,10,0,40,17,0,19,0],18
1A0600A,[C0,0,0,0,0,9E,40,0],17
1E0162A,[0,10,0,40,17,0,99,2],17
2803008,[8F,E1,FF,3F,3D,C5,20,0],16
1017FFC,[1,F,F6,CA,C9,67,FF,F3],17
2202262,[0,2,3,80,0,0,40,0],18
217FFC,[1,EB,40,D8,F0,58,0,0],17
1A0600A,[40,0,0,0,0,9E,40,0],18
14034A2,[0,5B,0,4,89,3,4,0],17
131726C,[0,8C,37,D2,0,0,0,3F],16
1E0162A,[0,10,0,40,17,0,59,0],17
3E0004A,[0,0,0,0,1D,E0,0,0],17
1E0162A,[40,10,0,40,17,0,19,0],18
E01008,[3,E1,98,0,0,20,4C,0],17
1E0162A,[80,10,0,40,17,0,99,2],20
E01008,[3,E1,98,0,0,20,4C,0],17
1E0162A,[C0,10,0,40,17,0,59,0],16
2803008,[8F,E1,FF,3F,3D,C5,20,0],19
3200408,[11,F8,50,0,0,0,0,0],16
131726C,[0,8C,37,D2,0,0,0,3F],18
1017FFC,[2,50,C,4D,58,1,B1,93],17
1A0600A,[80,0,0,0,0,9E,40,0],17
2510000,[0,0,0,0,0,0,0,89],18
2202262,[0,2,3,80,0,0,40,0],16
1E0162A,[C0,10,0,40,17,0,99,0],18
2300492,[0,0,0,0,0,0,0,4],17
14034A2,[0,5B,0,4,89,3,4,0],17
2616CFC,[B,42,0,F,33,5A,F,3D],18
1E0162A,[40,10,0,40,17,0,19,0],17
217FFC,[1,6B,40,D8,F0,58,0,0],20
1E0162A,[80,10,0,40,17,0,99,2],17
14034A2,[0,5B,0,4,89,3,4,0],17
1E0162A,[C0,10,0,48,17,0,59,0],18
131726C,[0,8C,2E,D2,0,0,0,3F],17
2C1302A,[80,4,0,9E,13,8,80,0],17
3000042,[0,0,1,B0,1C,0,2,22],16
1017FFC,[13,1,1,1,2,2,1,4],17
2616CFC,[B,42,0,F,33,5A,F,3D],18
217FFC,[1,EB,40,D8,F0,58,0,0],17
12173BE,[80,21,0,2,0,2,A2,2],17
1E0162A,[C0,10,0,40,17,0,19,0],16
2202262,[0,2,3,80,0,0,40,0],17
1E0162A,[0,10,0,40,17,0,99,2],18
131726C,[0,8C,2E,D2,0,0,0,3F],17
1601422,[0,0,0,1,34,90,6,4C],18
2510000,[0,0,0,0,0,0,0,89],21
217FFC,[3,6B,40,D8,F0,58,0,0],29
3A04004,[0,39,FF,FF,FF,FF,FF,FF],17
2202262,[0,2,3,80,0,0,40,0],17
1A0600A,[0,0,0,0,0,9E,40,0],16
2616CFC,[B,42,0,F,33,5A,F,3D],17
14034A2,[0,5B,0,4,89,3,4,0],18
2C1302A,[C0,0,0,9E,13,8,80,0],17
131726C,[0,8C,2E,D2,0,0,0,3F],17
2803008,[4D,E1,FF,3F,3D,C5,20,0],16
1A0600A,[80,0,0,0,0,9E,40,0],16
2202262,[0,2,3,80,0,0,40,0],18
2803008,[8D,E1,FF,3F,3D,C5,60,0],17
131726C,[0,8C,37,D2,0,0,0,3F],18
12173BE,[80,31,0,2,0,82,A2,2],17
2C1302A,[40,4,0,9E,13,8,80,0],20
2202262,[0,2,3,80,0,0,40,0],16
E01008,[3,E1,98,0,0,20,4C,0],17
3000042,[0,0,1,B0,1C,0,2,22],18
12173BE,[0,31,0,2,0,82,A2,2],17
131726C,[0,8C,37,D2,0,0,0,3F],17
2202262,[0,2,7,80,0,0,40,0],16
2C1302A,[C0,0,0,9E,13,8,80,0],17
131726C,[0,8C,37,D2,0,0,0,3F],18
1A0600A,[C0,0,0,0,0,9E,40,0],17
2300492,[0,0,0,0,0,0,0,4],18
131726C,[0,8C,37,D2,0,0,0,3F],16
2510000,[0,0,0,0,0,0,0,89],18
217FFC,[3,6B,40,D8,F0,58,0,0],17
E01008,[3,E1,98,0,0,20,4C,0],17
381526C,[0,9,5,BC,3,9F,32,2C],21
E01008,[3,E1,98,0,0,20,4C,0],17
12173BE,[40,31,0,2,0,82,A2,2],18
2C1302A,[80,0,0,9E,13,8,80,0],16
E01008,[3,E1,98,0,0,20,4C,0],17
3000042,[0,0,1,B0,1C,0,2,22],18
2006428,[1,E3,E0,0,0,0,0,0],17
12173BE,[C0,31,0,2,0,82,A2,2],17
E01008,[3,E1,98,0,0,20,4C,0],16
2202262,[0,2,3,80,0,0,40,0],17
381526C,[0,9,5,BC,63,9F,32,2C],18
E01008,[3,E1,98,0,0,20,4C,0],17
1601422,[0,0,0,1,34,90,6,4C],18
131726C,[0,8C,39,D2,0,0,0,3F],17
4000002,[0,0,0,0,6,1,B1,93],16
217FFC,[1,6B,40,D8,F0,58,0,0],18
131726C,[0,8C,39,D2,0,0,0,3F],20
1A0600A,[C0,0,0,0,0,9E,40,0],18
2C1302A,[80,0,0,9E,13,8,80,0],16
131726C,[0,8C,39,D2,0,0,0,3F],17
2510000,[0,0,0,0,0,0,0,89],18
217FFC,[3,6B,40,D8,F0,58,0,0],16
2202262,[0,2,3,80,0,0,40,0],19
E01008,[3,E1,98,0,0,20,4C,0],16
2803008,[8D,E1,FF,3F,3D,C5,20,0],18
14034A2,[0,5B,0,4,89,3,4,0],17
131726C,[0,8C,39,D2,0,0,0,3F],16
2803008,[CF,E1,FF,3F,3D,C5,20,0],18
3000042,[0,0,1,B0,1C,0,2,22],17
3A04004,[0,3B,FF,FF,FF,FF,FF,FF],18
2616CFC,[B,42,0,F,33,5A,F,3D],17
381526C,[0,9,5,BC,63,9F,32,2C],19
2300492,[0,0,0,0,0,0,0,4],18
131726C,[0,8C,39,D2,0,0,0,3F],16
1A0600A,[40,0,0,0,0,9E,40,0],18
E01008,[3,E1,98,0,0,20,4C,0],17
131726C,[0,8C,39,D2,0,0,0,3F],16
1A0600A,[80,0,0,0,0,9E,40,0],18
C00402,[83,0,10,0,0,0,0,4],16
131726C,[0,8C,39,D2,0,0,0,3F],17
1A0600A,[C0,0,0,0,0,9E,40,0],17
2616CFC,[B,46,0,F,33,5A,F,3D],17
E01008,[3,E1,98,0,0,20,4C,0],17
2202262,[0,2,3,80,0,0,40,0],17
2803008,[D,E1,FF,3F,3D,C5,20,0],18
C00402,[43,10,0,0,0,0,0,4],16
12173BE,[80,21,0,2,0,2,A2,2],19
4900002,[0,0,0,0,F6,CA,C9,7A],18
2202262,[0,2,7,80,0,0,40,0],17
131726C,[0,8C,39,D2,0,0,0,3F],19
2300492,[0,0,0,0,0,0,0,4],17
3200408,[11,F8,50,0,0,0,0,0],16
3A04004,[0,2B,FF,FF,FF,FF,FF,FF],16
2202262,[0,2,3,80,0,0,40,0],16
E01008,[3,A1,98,0,0,20,4C,0],18
2300492,[0,0,0,0,0,0,0,4],17
14034A2,[0,5B,0,4,89,3,4,0],17
1017FFC,[1,F,F6,CA,C9,7B,FF,F3],16
2803008,[D,E1,FF,3F,3D,C5,20,0],17
2C1302A,[40,0,0,9E,13,8,80,0],18
1A0600A,[80,0,0,0,0,9E,40,0],17
E01008,[3,E1,98,0,0,20,4C,0],18
4000002,[0,0,0,0,6,1,B1,93],19
1A0600A,[C0,0,0,0,0,9E,40,0],16
12173BE,[40,31,0,2,0,82,A2,2],18
131726C,[0,8C,39,D2,0,0,0,3F],17
131726C,[0,8C,39,D2,0,0,0,3F],18
217FFC,[3,6B,40,D8,F0,58,0,0],17
2803008,[CD,E1,FF,3F,3D,C5,20,0],17
12173BE,[C0,21,0,2,0,2,A2,2],17
217FFC,[1,6B,40,D8,F0,58,0,0],17
2202262,[0,2,3,80,0,0,40,0],18
381526C,[0,9,5,BC,63,9F,32,2C],17
2300492,[0,0,0,0,0,0,0,4],17
1601422,[0,0,0,1,34,90,6,4C],18
2510000,[0,0,0,0,0,0,0,89],16
217FFC,[3,6B,40,D8,F0,58,0,0],18
217FFC,[1,EB,40,D8,F0,58,0,0],21
2C1302A,[80,4,0,9E,13,8,80,0],18
1601422,[0,0,0,1,34,90,6,4C],17
1A0600A,[40,0,0,0,0,9E,40,0],17
1E0162A,[40,10,0,40,17,0,99,2],17
2300492,[0,0,0,0,0,0,0,4],16
1A0600A,[80,0,0,0,0,9E,40,0],18
2202262,[0,2,3,80,0,0,40,0],17
2616CFC,[B,42,0,F,33,5A,F,3D],16
217FFC,[1,6B,40,D8,F0,58,0,0],18
12173BE,[80,31,0,2,0,82,A2,2],17
131726C,[0,8C,32,D2,0,0,0,3F],18
2803008,[4D,E1,FF,3F,3D,C5,20,0],17
1B500000,[0,0,0,0,0,0,0,0],17
3000042,[0,0,1,B0,1C,0,2,22],18
1601422,[0,0,0,1,34,90,6,4C],19
2510000,[0,0,0,0,0,0,0,89],18
217FFC,[3,6B,40,D8,F0,58,0,0],17
12173BE,[40,21,0,2,0,2,A2,2],18
131726C,[0,8C,32,D2,0,0,0,3F],16
3200408,[11,F8,50,0,0,0,0,0],16
3A04004,[0,2B,FF,FF,FF,FF,FF,FF],18
131726C,[0,8C,35,D2,0,0,0,3F],17
1A0600A,[0,0,0,0,0,9E,40,0],18
217FFC,[3,6B,40,D8,F0,58,0,0],16
2202262,[0,2,3,80,0,0,40,0],16
3600008,[0,0,B0,60,30,0,0,0],18
4900002,[0,0,0,0,F6,CA,C9,85],18
12173BE,[40,31,0,2,0,82,A2,2],18
2803008,[8D,E1,FF,3F,3D,C5,20,0],17
2202262,[0,2,3,80,0,0,40,0],17
3000042,[0,0,1,B0,1C,0,2,22],16
E01008,[3,E1,98,0,0,20,4C,0],17
2202262,[0,2,3,80,0,0,40,0],17
E01008,[3,E1,98,0,0,20,4C,0],16
131726C,[0,8C,35,D2,0,0,0,3F],17
2803008,[F,E1,FF,3F,3D,C5,20,0],18
3000042,[0,0,1,B0,1C,0,2,22],17
2C1302A,[0,4,0,9E,13,8,80,0],18
217FFC,[1,EB,40,D8,F0,58,0,0],16
1E0162A,[C0,10,0,48,17,0,59,0],16
3C01428,[C0,80,1,4E,1E,4C,0,0],18
2300492,[0,0,0,0,0,0,0,4],17
3000042,[0,0,1,B0,1C,0,2,22],18
1E0162A,[40,10,0,40,17,0,99,2],17
217FFC,[3,6B,40,D8,F0,58,0,0],17
E01008,[3,E1,98,0,0,20,4C,0],20
381526C,[0,9,5,BC,63,9F,32,2C],17
131726C,[0,8C,35,D2,0,0,0,3F],18
1A0600A,[40,0,0,0,0,9E,40,0],17
1E0162A,[0,10,0,40,17,0,99,2],18
2300492,[0,0,0,0,0,0,0,4],16
1E0162A,[40,10,0,48,17,0,59,0],16
2510000,[0,0,0,0,0,0,0,89],18
14034A2,[0,5B,0,4,89,3,4,0],18
217FFC,[1,EB,40,D8,F0,58,0,0],18
2202262,[0,2,7,80,0,0,40,0],17
3E0004A,[0,0,0,0,1D,E0,0,0],17
131726C,[0,8C,35,D2,0,0,0,3F],17
1601422,[0,0,0,1,34,90,6,4C],16
2616CFC,[B,42,0,F,33,5A,F,3D],18
131726C,[0,8C,35,D2,0,0,0,3F],20
2510000,[0,0,0,0,0,0,0,89],16
E01008,[3,A1,98,0,0,20,4C,0],18
1601422,[0,0,0,1,34,90,6,4C],17
131726C,[0,8C,35,D2,0,0,0,3F],18
1E0162A,[0,10,0,40,17,0,99,0],16
2510000,[0,0,0,0,0,0,0,89],17
131726C,[0,8C,35,D2,0,0,0,3F],18
1A0600A,[0,0,0,0,0,9E,40,0],16
E01008,[3,E5,98,0,0,20,4C,0],18
131726C,[0,8C,35,D2,0,0,0,3F],17
14034A2,[0,5B,0,4,89,3,4,0],16
131726C,[0,8C,35,D2,0,0,0,3F],18
1E0162A,[0,10,0,48,17,0,59,2],17
3E0004A,[0,0,0,0,1D,E0,0,0],17
1E0162A,[40,10,0,40,17,0,19,0],16
E01008,[3,E1,98,0,0,20,4C,0],19
1A0600A,[C0,0,0,0,0,9E,40,0],18
2C1302A,[C0,4,0,9E,13,8,80,0],17
1E0162A,[C0,10,0,40,17,0,59,0],18
131726C,[0,8C,39,D2,0,0,0,3F],16
1E0162A,[0,10,0,40,17,0,19,0],19
3000042,[0,0,1,B0,1C,0,2,22],16
1E0162A,[40,10,0,40,17,0,99,2],17
C00402,[3,10,0,0,0,0,0,4],18
1E0162A,[80,10,0,48,17,0,59,0],16
131726C,[0,8C,39,D2,0,0,0,3F],18
381526C,[0,9,5,BC,63,9F,32,2C],17
E01008,[3,E1,98,0,0,20,4C,0],16
1601422,[0,0,0,1,34,90,6,4C],17
131726C,[0,8C,39,D2,0,0,0,3F],17
C00402,[C3,10,0,0,0,0,0,4],20
3E0004A,[0,0,0,0,1D,E0,0,0],17
1E0162A,[80,10,0,40,17,0,19,0],17
1A0600A,[40,0,0,0,0,9E,40,0],18
1E0162A,[C1,10,0,48,17,0,99,2],17
2300492,[0,0,0,0,0,0,0,4],17
2803008,[8D,E1,FF,3F,3D,C5,20,0],17
C00402,[83,0,0,0,0,0,0,4],17
2202262,[0,2,3,80,0,0,40,0],18
217FFC,[1,6B,40,D8,F0,58,0,0],16
4600002,[0,0,0,0,0,0,1,3],17
1601422,[0,0,0,1,34,90,6,4C],17
131726C,[0,8C,39,D2,0,0,0,3F],17
2803008,[D,E1,FF,3F,3D,C5,20,0],18
3000042,[0,0,1,B0,1C,0,2,22],17
131726C,[0,8C,39,D2,0,0,0,3F],18
217FFC,[1,6B,40,D8,F0,58,0,0],17
217FFC,[3,6B,40,D8,F0,58,0,0],19
1E0162A,[80,10,0,40,17,0,59,0],17
131726C,[0,8C,39,D2,0,0,0,3F],17
1E0162A,[C0,10,0,40,17,0,99,0],18
3200408,[11,F8,10,0,0,0,0,0],17
1E0162A,[0,10,0,40,17,0,59,2],18
2616CFC,[B,42,0,F,33,5A,F,3D],16
12173BE,[C0,21,0,2,0,2,A2,2],16
217FFC,[1,6B,40,D8,F0,58,0,0],18
2202262,[0,2,3,80,0,0,40,0],17
3C01428,[40,81,41,4E,1E,4C,0,0],18
2C1302A,[80,4,0,9E,13,8,80,0],17
1601422,[0,0,0,1,34,90,6,4D],17
2803008,[4F,E1,FF,3F,3D,C5,20,0],18
3000042,[0,0,1,B0,1C,0,2,22],17
3A04004,[0,3B,FF,FF,FF,FF,FF,FF],18
E01008,[3,E1,98,0,0,20,4C,0],17
1601422,[0,0,0,1,34,90,6,4D],18
131726C,[0,8C,39,D2,0,0,0,3F],17
1E0162A,[C0,10,0,40,17,0,19,0],17
2803008,[CD,E1,FF,3F,3D,C5,20,0],17
131726C,[0,8C,39,D2,0,0,0,3F],16
131726C,[0,8C,39,D2,0,0,0,3F],18
2616CFC,[B,42,0,F,33,5A,F,3D],17
217FFC,[1,6B,40,D8,F0,58,0,0],17
12173BE,[80,21,0,2,0,2,A2,2],18
1A0600A,[C0,0,0,0,0,9E,40,0],16
3A04004,[0,2B,FF,FF,FF,FF,FF,FF],20
E01008,[3,E1,98,0,0,20,4C,0],19
1A0600A,[0,0,0,0,0,9E,40,0],17
12173BE,[0,21,0,2,0,2,A2,2],18
1E0162A,[40,10,0,40,17,0,19,0],17
131726C,[0,8C,35,D2,0,0,0,3F],18
1E0162A,[80,10,0,48,17,0,99,2],17
2300492,[0,0,0,0,0,0,0,4],16
1E0162A,[C0,10,0,40,17,0,59,0],18
2510000,[0,0,0,0,0,0,0,89],17
1E0162A,[0,10,0,40,17,0,99,0],18
3A04004,[0,2B,FF,FF,FF,FF,FF,FF],17
217FFC,[3,EB,40,D8,F0,58,0,0],17
217FFC,[1,6B,40,D8,F0,58,0,0],17
381526C,[0,9,5,BC,63,9F,32,2C],17
131726C,[0,8C,35,D2,0,0,0,3F],18
12173BE,[40,21,0,2,0,2,A2,2],17
2803008,[8D,E1,FF,3F,3D,C5,20,0],20
131726C,[0,8C,35,D2,0,0,0,3F],16
1A0600A,[80,0,0,0,0,9E,40,0],17
2006428,[1,E3,E0,0,0,0,0,0],18
14034A2,[0,5B,0,4,89,3,4,0],17
1E0162A,[80,10,0,40,17,0,99,2],18
3A04004,[0,3B,FF,FF,FF,FF,FF,FF],17
1E0162A,[C0,10,0,40,17,0,59,0],17
131726C,[0,8C,35,D2,0,0,0,3F],17
1601422,[0,0,0,1,34,90,6,4D],16
2510000,[0,0,0,0,0,0,0,89],19
1E0162A,[40,10,0,40,17,0,99,2],16
C00402,[C3,10,0,0,0,0,0,4],17
1E0162A,[80,10,0,48,17,0,59,0],18
2202262,[0,2,3,80,0,0,40,0],17
E01008,[3,E1,98,0,0,20,4C,0],20
3000042,[0,0,1,B0,1C,0,2,22],17
2300492,[0,0,0,0,0,0,0,4],18
131726C,[0,8C,37,D2,0,0,0,3F],17
1E0162A,[40,10,0,40,17,0,59,0],17
2616CFC,[B,42,0,F,33,5A,F,3D],18
1E0162A,[80,10,0,40,17,0,19,0],17
12173BE,[80,21,0,2,0,2,A2,2],17
1E0162A,[C0,10,0,48,17,0,99,2],17
2803008,[4D,E1,FF,3F,3D,C5,20,0],17
1E0162A,[0,10,0,40,17,0,59,0],18
C00402,[43,0,0,0,0,0,0,4],17
2803008,[8F,E1,FF,3F,3D,C5,20,0],18
217FFC,[1,6B,40,D8,F0,58,0,0],16
E01008,[3,E1,98,0,0,20,4C,0],16
3E0004A,[0,0,0,0,1D,E0,0,0],21
131726C,[0,8C,37,D2,0,0,0,3F],16
3200408,[11,B8,50,0,0,0,0,0],17
1E0162A,[0,10,0,40,17,0,99,0],17
2C1302A,[0,4,0,9E,13,8,80,0],18
14034A2,[0,5B,0,4,89,3,4,0],16
217FFC,[3,6B,40,D8,F0,58,0,0],16
2202262,[0,2,3,80,0,0,40,0],19
131726C,[0,8C,37,D2,0,0,0,3F],17
1A0600A,[C0,0,0,0,0,9E,40,0],18
14034A2,[0,5B,0,4,89,3,4,0],16
131726C,[0,8C,37,D2,0,0,0,3F],17
1A0600A,[0,0,0,0,0,9E,40,0],18
217FFC,[3,EB,40,D8,F0,58,0,0],16
131726C,[0,8C,37,D2,0,0,0,3F],18
1A0600A,[40,0,0,0,0,9E,40,0],19
4900002,[0,0,0,0,F6,CA,C9,A3],17
131726C,[0,8C,37,D2,0,0,0,3F],18
131726C,[0,8C,37,D2,0,0,0,3F],17
2C1302A,[0,4,0,9E,13,8,80,0],17
2202262,[0,2,3,80,0,0,40,0],17
C00402,[3,10,0,0,0,0,0,4],17
3A04004,[0,2B,FF,FF,FF,FF,FF,FF],17
14034A2,[0,5B,0,4,89,3,4,0],16
131726C,[0,8C,37,D2,0,0,0,3F],18
2803008,[8F,E1,FF,3F,3D,C5,20,0],17
3000042,[0,0,1,B0,1C,0,2,22],16
131726C,[0,8C,37,D2,0,0,0,3F],18
C00402,[C3,10,0,0,0,0,0,4],17
381526C,[0,9,5,BC,63,9F,32,2C],17
131726C,[0,8C,37,D2,0,0,0,3F],17
12173BE,[40,21,0,2,0,2,A2,2],19
3000042,[0,0,1,B0,1C,0,2,22],18
E01008,[3,E1,98,0,0,20,4C,0],17
131726C,[0,8C,37,D2,0,0,0,3F],18
2006428,[1,63,E0,0,0,0,0,0],18
3E0004A,[0,0,0,0,1D,E0,0,0],18
C00402,[C3,10,0,0,0,0,0,4],17
2202262,[0,2,3,80,0,0,40,0],17
3C01428,[40,0,51,4E,1E,4D,0,0],17
E01008,[3,E1,98,0,0,20,4C,0],17
1601422,[0,0,0,1,34,90,6,4D],18
2803008,[CD,E1,FF,3F,3D,C5,20,0],17
3000042,[0,0,1,B0,1C,0,2,22],17
C00402,[83,10,0,0,0,0,0,4],17
2C1302A,[C0,4,0,9E,13,8,80,0],16
2202262,[0,2,7,80,0,0,40,0],21
131726C,[0,8C,35,D2,0,0,0,3F],17
217FFC,[3,6B,40,D8,F0,58,0,0],16
2803008,[4D,E1,FF,3F,3D,C5,20,0],17
131726C,[0,8C,35,D2,0,0,0,3F],16
131726C,[0,8C,35,D2,0,0,0,3F],17
2616CFC,[B,46,0,F,33,5A,F,3D],17
217FFC,[5,6B,40,D8,F0,58,0,0],17
12173BE,[80,21,0,2,0,2,A2,2],18
1A0600A,[C0,0,0,0,0,9E,40,0],17
2C1302A,[80,4,0,9E,13,8,80,0],18
131726C,[0,8C,35,D2,0,0,0,3F],16
1A0600A,[0,0,0,0,0,9E,40,0],18
2803008,[D,E1,FF,3F,3D,C5,20,0],17
217FFC,[1,6B,40,D8,F0,58,0,0],17
1A0600A,[40,0,0,0,0,9E,40,0],20
12173BE,[40,31,0,2,0,82,A2,2],19
2803008,[4D,E1,FF,3F,3D,C5,20,0],17
3C01428,[C0,80,71,4E,1E,4C,0,0],16
2300492,[0,0,0,0,0,0,0,4],16
3000042,[0,0,1,B0,1C,0,2,22],18
2510000,[0,0,0,0,0,0,0,89],17
217FFC,[3,EB,40,D8,F0,58,0,0],18
217FFC,[1,6B,40,D8,F0,58,0,0],16
381526C,[0,9,5,BC,63,9F,32,2C],16
131726C,[0,8C,3B,D2,0,0,0,3F],18
12173BE,[40,21,0,2,0,2,A2,2],17
2803008,[D,E1,FF,3F,3D,C5,20,0],18
131726C,[0,8C,3B,D2,0,0,0,3F],17
1A0600A,[80,0,0,0,0,9E,40,0],16
C00402,[3,0,0,0,0,0,0,4],17
3C01428,[0,0,41,4E,1E,4C,0,0],20
1A0600A,[C0,0,0,0,0,9E,40,0],17
2300492,[0,0,0,0,0,0,0,4],16
381526C,[0,9,5,BC,63,9F,32,2C],18
E01008,[3,E1,98,0,0,20,4C,0],17
2C1302A,[40,4,0,9E,13,8,80,0],17
2616CFC,[B,42,0,F,33,5A,F,3D],18
131726C,[0,8C,3B,D2,0,0,0,3F],17
12173BE,[80,31,0,2,0,82,A2,2],17
2C1302A,[80,4,0,9E,13,8,80,0],16
4000002,[0,0,0,0,6,1,B1,93],17
E01008,[3,E1,98,0,0,20,4C,0],18
3000042,[0,0,1,B0,1C,0,2,22],18
2006428,[1,E3,E0,0,0,0,0,0],18
217FFC,[3,EB,40,D8,F0,58,0,0],16
C00402,[C3,10,0,0,0,0,0,4],19
12173BE,[40,21,0,2,0,2,A2,2],18
131726C,[0,8C,3B,D2,0,0,0,3F],17
14034A2,[0,5B,0,4,89,3,4,0],17
131726C,[0,8C,39,D2,0,0,0,3F],17
2C1302A,[40,4,0,9E,13,8,80,0],18
1A0600A,[80,0,0,0,0,9E,40,0],17
2510000,[0,0,0,0,0,0,0,89],17
E01008,[3,E1,98,0,0,20,4C,0],18
1A0600A,[C0,0,0,0,0,9E,40,0],16
E01008,[3,E1,98,0,0,20,4C,0],18
12173BE,[40,31,0,2,0,82,A2,2],17
131726C,[0,8C,39,D2,0,0,0,3F],17
2202262,[0,2,3,80,0,0,40,0],18
3000042,[0,0,1,B0,1C,0,2,22],16
131726C,[0,8C,39,D2,0,0,0,3F],20
217FFC,[1,6B,40,D8,F0,58,0,0],17
217FFC,[3,EB,40,D8,F0,58,0,0],17
131726C,[0,8C,39,D2,0,0,0,3F],17
381526C,[0,9,5,BC,63,9F,32,2C],16
E01008,[3,E1,98,0,0,20,4C,0],17
1601422,[0,0,0,1,34,90,6,4C],17
131726C,[0,8C,39,D2,0,0,0,3F],17
1A0600A,[0,0,0,0,0,9E,40,0],18
217FFC,[3,EB,40,D8,F0,58,0,0],18
131726C,[0,8C,39,D2,0,0,0,3F],18
1A0600A,[40,0,0,0,0,9E,40,0],17
E01008,[3,E1,98,0,0,20,4C,0],16
2300492,[0,0,0,0,0,0,0,4],16
12173BE,[0,31,0,2,0,82,A2,2],17
2510000,[0,0,0,0,0,0,0,89],18
2C1302A,[0,4,0,9E,13,8,80,0],19
217FFC,[1,6B,40,D8,F0,58,0,0],18
217FFC,[3,EB,40,D8,F0,58,0,0],17
12173BE,[80,31,0,2,0,82,A2,2],16
131726C,[0,8C,35,D2,0,0,0,3F],17
2803008,[D,E1,FF,3F,3D,C5,20,0],17
2300492,[0,0,0,0,0,0,0,4],18
131726C,[0,8C,35,D2,0,0,0,3F],17
E01008,[3,E1,98,0,0,20,4C,0],16
217FFC,[3,EB,40,D8,F0,58,0,0],18
131726C,[0,8C,35,D2,0,0,0,3F],16
12173BE,[40,21,0,2,0,2,A2,2],17
4000002,[0,0,0,0,6,1,B1,93],17
2202262,[0,2,3,80,0,0,40,0],16
131726C,[0,8C,35,D2,0,0,0,3F],17
E01008,[3,A1,98,0,0,20,4C,0],19
217FFC,[3,EB,40,D8,F0,58,0,0],18
131726C,[0,8C,35,D2,0,0,0,3F],17
1A0600A,[40,0,0,0,0,9E,40,0],17
381526C,[0,9,5,BC,63,9F,32,2C],17
E01008,[3,E1,98,0,0,20,4C,0],16
2202262,[0,2,3,80,0,0,40,0],19
2803008,[4D,E1,FF,3F,3D,C5,20,0],17
3000042,[0,0,1,B0,1C,0,2,22],18
C00402,[C3,10,0,0,0,0,0,4],16
1E0162A,[0,10,0,40,17,0,99,2],16
2202262,[0,2,3,80,0,0,40,0],18
131726C,[0,8C,35,D2,0,0,0,3F],16
217FFC,[3,6B,40,D8,F0,58,0,0],16
14034A2,[0,5B,0,4,89,3,4,0],18
2C1302A,[0,4,0,9E,13,8,80,0],16
C00402,[83,10,0,0,0,0,0,4],29
131726C,[0,8C,39,D2,0,0,0,3F],19
E01008,[3,E1,98,0,0,20,4C,0],20
1E0162A,[40,10,0,40,17,0,19,0],19
2803008,[4D,E1,FF,3F,3D,C5,20,0],20
4600002,[0,0,0,0,0,0,1,3],19
2300492,[0,0,0,0,0,0,0,4],20
14034A2,[0,5B,0,4,89,3,4,0],19
3000042,[0,0,1,B0,1C,0,2,22],20
2202262,[0,2,3,80,0,0,40,0],19
1E0162A,[40,10,0,48,17,0,19,2],20
1A0600A,[80,0,0,0,0,9E,40,0],18
2C1302A,[0,4,0,9E,13,8,80,0],18
2616CFC,[B,42,0,F,33,5A,F,3D],19
12173BE,[C0,21,0,2,0,2,A2,2],19
217FFC,[3,EB,40,D8,F0,58,0,0],23
217FFC,[1,6B,40,D8,F0,58,0,0],20
1B500000,[0,0,0,0,0,0,0,0],20
2202262,[0,2,3,80,0,0,40,0],19
2616CFC,[B,42,0,F,33,5A,F,3D],20
2510000,[0,0,0,0,0,0,0,89],19
1A0600A,[80,0,0,0,0,9E,40,0],20
E01008,[3,E1,98,0,0,20,4C,0],19
14034A2,[0,5B,0,4,89,3,4,0],19
217FFC,[1,6B,40,D8,F0,58,0,0],18
217FFC,[3,6B,40,D8,F0,58,0,0],19
1E0162A,[80,10,0,40,17,0,59,0],20
131726C,[0,8C,37,D2,0,0,0,3F],19
131726C,[0,8C,37,D2,0,0,0,3F],20
1A0600A,[40,0,0,0,0,9E,40,0],19
12173BE,[80,31,0,2,0,82,A2,2],20
2300492,[0,0,0,0,0,0,0,4],18
2202262,[0,2,3,80,0,0,40,0],20
131726C,[0,8C,37,D2,0,0,0,3F],19
1A0600A,[C0,0,0,0,0,9E,40,0],20
3A04004,[0,2B,FF,FF,FF,FF,FF,FF],19
E01008,[3,E1,98,0,0,20,4C,0],19
12173BE,[40,21,0,2,0,2,A2,2],20
131726C,[0,8C,37,D2,0,0,0,3F],19
1601422,[0,0,0,1,34,90,6,4C],20
131726C,[0,8C,37,D2,0,0,0,3F],19
2202262,[0,2,3,80,0,0,40,0],20
131726C,[0,8C,37,D2,0,0,0,3F],19
2300492,[0,0,0,0,0,0,0,4],21
381526C,[0,9,5,BC,63,9F,32,2C],19
2C1302A,[80,4,0,9E,13,8,80,0],20
14034A2,[0,5B,0,4,89,3,4,0],21
131726C,[0,8C,37,D2,0,0,0,3F],20
3200408,[11,B8,50,0,0,0,0,0],19
3000042,[0,0,1,B0,1C,0,2,22],19
2803008,[F,E1,FF,3F,3D,C5,20,0],20
E01008,[3,E1,98,0,0,20,4C,0],19
131726C,[0,8C,37,D2,0,0,0,3F],20
2510000,[0,0,0,0,0,0,0,89],19
E01008,[3,E1,98,0,0,20,4C,0],20
1601422,[0,0,0,1,34,90,6,4C],18
131726C,[0,8C,37,D2,0,0,0,3F],19
1A0600A,[0,0,0,0,0,9E,40,0],18
217FFC,[3,EB,40,D8,F0,58,0,0],20
2300492,[0,0,0,0,0,0,0,4],19
4200002,[64,0,1C,0,1A,4C,50,0],19
131726C,[0,8C,37,D2,0,0,0,3F],22
2616CFC,[B,46,0,F,33,5A,F,3D],18
2300492,[0,0,0,0,0,0,0,4],19
2202262,[0,2,3,80,0,0,40,0],19
2510000,[0,0,0,0,0,0,0,89],20
131726C,[0,8C,37,D2,0,0,0,3F],19
1E0162A,[40,10,0,40,17,0,59,0],20
2803008,[8D,E1,FF,3F,3D,C5,20,0],19
12173BE,[C0,21,0,2,0,2,A2,2],20
131726C,[0,8C,37,D2,0,0,0,3F],20
2006428,[1,63,E0,0,0,0,0,0],19
1A0600A,[80,0,0,0,0,9E,40,0],19
2510000,[0,0,0,0,0,0,0,89],19
E01008,[3,E1,98,0,0,20,4C,0],20
217FFC,[1,6B,40,D8,F0,58,0,0],19
217FFC,[3,6B,40,D8,F0,58,0,0],20
C00402,[3,10,0,0,0,0,0,4],21
1601422,[0,0,0,1,34,90,6,4C],20
217FFC,[1,6B,40,D8,F0,58,0,0],19
217FFC,[3,EB,40,D8,F0,58,0,0],20
C00402,[83,10,0,0,0,0,0,4],19
E01008,[3,E1,98,0,0,20,4C,0],20
1E0162A,[80,10,0,40,17,0,59,0],19
131726C,[0,8C,37,D2,0,0,0,3F],20
14034A2,[0,5B,0,4,89,3,4,0],19
3A04004,[0,2B,FF,FF,FF,FF,FF,FF],19
2202262,[0,2,3,80,0,0,40,0],19
131726C,[0,8C,37,D2,0,0,0,3F],18
131726C,[0,8C,37,D2,0,0,0,3F],20
3600008,[0,0,B0,64,30,0,1,0],19
E01008,[3,E1,98,0,0,20,4C,0],20
1E0162A,[C0,10,0,48,17,0,59,0],22
131726C,[0,8C,37,D2,0,0,0,3F],20
1601422,[0,0,0,1,34,90,6,4C],18
1A0600A,[C0,0,0,0,0,9E,40,0],20
2202262,[0,2,3,80,0,0,40,0],19
E01008,[3,E1,98,0,0,20,4C,0],21
2C1302A,[80,4,0,9E,13,8,80,0],19
381526C,[0,9,5,BC,63,9F,32,2C],19
E01008,[3,E1,98,0,0,20,4C,0],20
14034A2,[0,5B,0,4,89,3,4,0],18
2803008,[4F,E1,FF,3F,3D,C5,20,0],20
E01008,[3,E1,98,0,0,20,4C,0],19
2300492,[0,0,0,0,0,0,0,4],20
2C1302A,[0,4,0,9E,13,8,80,0],18
3A04004,[0,2B,FF,FF,FF,FF,FF,FF],19
131726C,[0,8C,39,D2,0,0,0,3F],21
2006428,[1,E3,E0,0,0,0,0,0],20
217FFC,[3,EB,40,D8,F0,58,0,0],19
1017FFC,[12,3,2,2,1,2,5,1],18
2803008,[D,E1,FF,3F,3D,C5,20,0],20
131726C,[0,8C,39,D2,0,0,0,3F],19
1A0600A,[80,0,0,0,0,9E,40,0],20
2616CFC,[B,42,0,F,33,5A,F,3D],19
3000042,[0,0,1,B0,1C,0,2,22],20
3A04004,[0,3B,FF,FF,FF,FF,FF,FF],19
2616CFC,[B,42,0,F,33,5A,F,3D],19
2510000,[0,0,0,0,0,0,0,89],19
217FFC,[3,6B,40,D8,F0,58,0,0],20
217FFC,[1,EB,40,D8,F0,58,0,0],19
217FFC,[3,6B,40,D8,F0,58,0,0],18
C00402,[83,0,0,0,0,0,0,4],20
1E0162A,[0,10,0,48,17,0,19,2],21
2202262,[0,2,3,80,0,0,40,0],20
3000042,[0,0,1,B0,1C,0,2,22],21
217FFC,[1,EB,40,D8,F0,58,0,0],20
217FFC,[3,6B,40,D8,F0,58,0,0],19
C00402,[43,10,0,0,0,0,0,4],20
12173BE,[40,21,0,2,0,2,A2,2],19
131726C,[0,8C,37,D2,0,0,0,3F],20
12173BE,[80,21,0,2,0,2,A2,2],18
4900002,[0,0,0,0,F6,CA,C9,D5],19
2202262,[0,2,7,80,0,0,40,0],19
131726C,[0,8C,37,D2,0,0,0,3F],19
131726C,[0,8C,37,D2,0,0,0,3F],20
1A0600A,[C0,0,0,0,0,9E,40,0],19
E01008,[3,E1,98,0,0,20,4C,0],20
2C1302A,[80,4,0,9E,13,8,80,0],21
131726C,[0,8C,37,D2,0,0,0,3F],20
1601422,[0,0,0,1,34,90,6,4D],19
1A0600A,[40,0,0,0,0,9E,40,0],20
1E0162A,[C1,10,0,48,17,0,99,2],19
E01008,[3,E1,98,0,0,20,4C,0],20
131726C,[0,8C,37,D2,0,0,0,3F],19
2C1302A,[0,4,0,9E,13,8,80,0],19
E01008,[3,E1,98,0,0,20,4C,0],20
14034A2,[0,5B,0,4,89,3,4,0],19
2C1302A,[40,0,0,9E,13,8,80,0],20
E01008,[3,E1,98,0,0,20,4C,0],19
217FFC,[3,6B,40,D8,F0,58,0,0],20
1E0162A,[0,10,0,40,17,0,99,0],18
4000002,[0,0,0,0,6,1,B1,93],21
131726C,[0,8C,30,D2,0,0,0,3F],21
12173BE,[0,31,0,2,0,82,A2,2],20
E01008,[3,E1,98,0,0,20,4C,0],19
1601422,[0,0,0,1,34,90,6,4D],20
3A04004,[0,2B,FF,FF,FF,FF,FF,FF],19
1E0162A,[0,10,0,40,17,0,19,2],19
1A0600A,[0,0,0,0,0,9E,40,0],20
2803008,[D,E1,FF,3F,3D,C5,20,0],19
3000042,[0,0,1,B0,1C,0,2,22],20
131726C,[0,8C,30,D2,0,0,0,3F],19
131726C,[0,8C,30,D2,0,0,0,3F],20
1A0600A,[80,0,0,0,0,9E,40,0],19
2202262,[0,2,3,80,0,0,40,0],19
2803008,[8F,E1,FF,3F,3D,C5,20,0],18
2510000,[0,0,0,0,0,0,0,89],19
217FFC,[3,6B,40,D8,F0,58,0,0],19
E01008,[3,E1,98,0,0,20,4C,0],23
217FFC,[3,6B,40,D8,F0,58,0,0],19
2C1302A,[0,0,0,9E,13,8,80,0],18
131726C,[0,8C,30,D2,0,0,0,3F],19
4000002,[0,0,0,0,6,1,B1,93],18
217FFC,[3,6B,40,D8,F0,58,0,0],20
217FFC,[1,EB,40,D8,F0,58,0,0],19
217FFC,[3,6B,40,D8,F0,58,0,0],20
C00402,[43,10,0,0,0,0,0,4],19
1E0162A,[C0,10,0,40,17,0,99,2],20
2202262,[0,2,3,80,0,0,40,0],20
131726C,[0,8C,3B,D2,0,0,0,3F],20
2C1302A,[C0,4,0,9E,13,8,80,0],19
3600008,[0,0,B0,60,30,0,0,0],19
4900002,[0,0,0,0,F6,CA,C9,DF],20
3E0004A,[0,0,0,0,1D,E0,0,0],21
1E0162A,[C0,10,0,40,17,0,59,0],20
12173BE,[80,21,0,2,0,2,A2,2],19
1A0600A,[C0,0,0,0,0,9E,40,0],20
2202262,[0,2,3,80,0,0,40,0],19
E01008,[3,E1,98,0,0,20,4C,0],20
131726C,[0,8C,3B,D2,0,0,0,3F],19
131726C,[0,8C,3B,D2,0,0,0,3F],20
1E0162A,[C1,10,0,40,17,0,99,0],19
12173BE,[40,31,0,2,0,82,A2,2],20
4000002,[0,0,0,0,6,1,B1,93],19
3200408,[11,F8,50,0,0,0,0,0],19
1017FFC,[1,F,F6,CA,C9,E1,0,C],20
2803008,[D,E1,FF,3F,3D,C5,20,0],19
E01008,[3,E1,98,0,0,20,4C,0],20
131726C,[0,8C,3B,D2,0,0,0,3F],21
131726C,[0,8C,3B,D2,0,0,0,3F],20
E01008,[3,E1,98,0,0,20,4C,0],19
14034A2,[0,5B,0,4,89,3,4,0],20
2803008,[8F,E1,FF,3F,3D,C5,20,0],19
E01008,[3,E1,98,0,0,20,4C,0],20
131726C,[0,8C,32,D2,0,0,0,3F],19
2803008,[CD,E1,FF,3F,3D,C5,20,0],21
E01008,[3,E1,98,0,0,20,4C,0],18
1E0162A,[0,10,0,40,17,0,99,2],19
3200408,[11,F8,50,0,0,0,0,0],20
2300492,[0,0,0,0,0,0,0,4],19
2202262,[0,2,3,80,0,0,40,0],20
3000042,[0,0,1,B0,1C,0,2,22],19
131726C,[0,8C,32,D2,0,0,0,3F],20
131726C,[0,8C,32,D2,0,0,0,3F],19
2803008,[8F,E1,FF,3F,3D,C5,20,0],20
3E0004A,[0,0,0,0,1D,E0,0,0],19
1E0162A,[40,10,0,40,17,0,19,0],20
1601422,[0,0,0,1,34,90,6,4C],19
131726C,[0,8C,32,D2,0,0,0,3F],18
2202262,[0,2,3,80,0,0,40,0],18
2803008,[D,E1,FF,3F,3D,C5,20,0],19
2300492,[0,0,0,0,0,0,0,4],20
131726C,[0,8C,32,D2,0,0,0,3F],19
2006428,[1,E3,E0,0,0,0,0,0],20
217FFC,[3,6B,40,D8,F0,58,0,0],18
217FFC,[1,EB,40,D8,F0,58,0,0],20
2202262,[0,2,3,80,0,0,40,0],19
C00402,[83,10,0,0,0,0,0,4],19
E01008,[3,E1,98,0,0,20,4C,0],19
12173BE,[40,31,0,2,0,82,A2,2],22
2C1302A,[80,0,0,9E,13,8,80,0],19
12173BE,[80,21,0,2,0,2,A2,2],18
1E0162A,[80,10,0,40,17,0,99,2],20
2C1302A,[C0,4,0,9E,13,8,80,0],21
1E0162A,[C0,10,0,48,17,0,59,0],20
131726C,[0,8C,32,D2,0,0,0,3F],19
4000002,[0,0,0,0,6,1,B1,93],19
1A0600A,[C0,0,0,0,0,9E,40,0],19
12173BE,[40,31,0,2,0,82,A2,2],20
131726C,[0,8C,32,D2,0,0,0,3F],19
3C01428,[C0,0,41,4E,1E,4C,0,0],20
1E0162A,[C0,10,0,40,17,0,19,0],18
1A0600A,[40,0,0,0,0,9E,40,0],18
E01008,[3,E1,98,0,0,20,4C,0],20
131726C,[0,8C,32,D2,0,0,0,3F],21
131726C,[0,8C,32,D2,0,0,0,3F],20
E01008,[3,E1,98,0,0,20,4C,0],19
1A0600A,[C0,0,0,0,0,9E,40,0],20
3A04004,[0,3B,FF,FF,FF,FF,FF,FF],19
E01008,[3,E1,98,0,0,20,4C,0],20
131726C,[0,8C,32,D2,0,0,0,3F],19
2803008,[8D,E1,FF,3F,3D,C5,20,0],20
3000042,[0,0,1,B0,1C,0,2,22],19
2C1302A,[40,0,0,9E,13,8,80,0],20
12173BE,[0,31,0,2,0,82,A2,2],19
1A0600A,[80,0,0,0,0,9E,40,0],19
2202262,[0,2,3,80,0,0,40,0],20
2803008,[D,E1,FF,3F,3D,C5,20,0],19
2300492,[0,0,0,0,0,0,0,4],20
131726C,[0,8C,37,D2,0,0,0,3F],21
2510000,[0,0,0,0,0,0,0,89],21
12173BE,[C0,21,0,2,0,2,A2,2],19
2300492,[0,0,0,0,0,0,0,4],20
2803008,[8D,E1,FF,3F,3D,C5,20,0],19
131726C,[0,8C,37,D2,0,0,0,3F],20
2202262,[0,2,3,80,0,0,40,0],19
2300492,[0,0,0,0,0,0,0,4],20
217FFC,[3,6B,40,D8,F0,58,0,0],19
2510000,[0,0,0,0,0,0,0,89],19
2803008,[D,E1,FF,3F,3D,C5,20,0],20
12173BE,[C0,31,0,2,0,82,A2,2],19
217FFC,[3,EB,40,D8,F0,58,0,0],20
E01008,[3,E1,98,0,0,20,4C,0],18
131726C,[0,8C,37,D2,0,0,0,3F],20
217FFC,[1,EB,40,D8,F0,58,0,0],19
1E0162A,[80,10,0,48,17,0,59,0],18
C00402,[83,10,0,0,0,0,0,4],19
131726C,[0,8C,37,D2,0,0,0,3F],19
4000002,[0,0,0,0,6,1,B1,93],20
2202262,[0,2,3,80,0,0,40,0],19
E01008,[3,E1,98,0,0,20,4C,0],20
131726C,[0,8C,37,D2,0,0,0,3F],19
381526C,[0,9,5,BC,63,9F,32,2C],20
1A0600A,[40,0,0,0,0,9E,40,0],19
12173BE,[40,31,0,2,0,82,A2,2],20
2803008,[4D,E1,FF,3F,3D,C5,20,0],19
131726C,[0,8C,37,D2,0,0,0,3F],20
2300492,[0,0,0,0,0,0,0,4],18
2803008,[8D,E1,FF,3F,3D,C5,20,0],21
E01008,[3,E1,98,0,0,20,4C,0],20
131726C,[0,8C,37,D2,0,0,0,3F],21
2616CFC,[B,46,0,F,33,5A,F,3D],20
E01008,[3,E1,98,0,0,20,4C,0],19
14034A2,[0,5B,0,4,89,3,4,0],20
2803008,[D,E1,FF,3F,3D,C5,20,0],19
2202262,[0,2,3,80,0,0,40,0],20
1A0600A,[80,0,0,0,0,9E,40,0],19
2803008,[4D,E1,FF,3F,3D,C5,20,0],20
12173BE,[C0,21,0,2,0,2,A2,2],19
3A04004,[0,3B,FF,FF,FF,FF,FF,FF],20
14034A2,[0,5B,0,4,89,3,4,0],19
1A0600A,[0,0,0,0,0,9E,40,0],18
2202262,[0,2,3,80,0,0,40,0],19
2616CFC,[B,46,0,F,33,5A,F,3D],19
131726C,[0,8C,37,D2,0,0,0,3F],20
2510000,[0,0,0,0,0,0,0,89],21
2616CFC,[B,42,0,F,33,5A,F,3D],19
2300492,[0,0,0,0,0,0,0,4],18
217FFC,[3,EB,40,D8,F0,58,0,0],20
1E0162A,[40,10,0,40,17,0,99,2],19
217FFC,[3,6B,40,D8,F0,58,0,0],20
1A0600A,[0,0,0,0,0,9E,40,0],19
2616CFC,[B,42,0,F,33,5A,F,3D],20
217FFC,[1,6B,40,D8,F0,58,0,0],19
131726C,[0,8C,37,D2,0,0,0,3F],19
217FFC,[1,6B,40,D8,F0,58,0,0],21
14034A2,[0,5B,0,4,89,3,4,0],18
2510000,[0,0,0,0,0,0,0,89],20
217FFC,[3,6B,40,D8,F0,58,0,0],19
C00402,[C3,10,0,0,0,0,0,4],20
1E0162A,[C0,10,0,40,17,0,99,2],19
C00402,[3,10,0,0,0,0,0,4],22
217FFC,[3,EB,40,D8,F0,58,0,0],19
12173BE,[80,21,0,2,0,2,A2,2],20
1A0600A,[40,0,0,0,0,9E,40,0],19
1E0162A,[80,10,0,48,17,0,99,2],20
2C1302A,[C0,0,0,9E,13,8,80,0],19
4600002,[0,0,0,0,0,0,1,3],19
131726C,[0,8C,37,D2,0,0,0,BF],20
1A0600A,[C0,0,0,0,0,9E,40,0],19
12173BE,[40,31,0,2,0,82,A2,2],20
131726C,[0,8C,3B,D2,0,0,0,BF],19
1601422,[0,0,0,1,34,90,6,4C],19
2C1302A,[40,4,0,9E,13,8,80,0],18
1E0162A,[C0,10,0,40,17,0,99,0],19
4900002,[0,0,0,0,F6,CA,C9,FD],19
1E0162A,[0,10,0,48,17,0,19,2],23
131726C,[0,8C,3B,D2,0,0,0,3F],19
E01008,[3,E1,98,0,0,20,4C,0],18
1A0600A,[C0,0,0,0,0,9E,40,0],20
3A04004,[0,AB,FF,FF,FF,FF,FF,FF],19
3200408,[11,F8,50,0,0,0,0,0],20
131726C,[0,8C,3B,D2,0,0,0,3F],20
1E0162A,[0,10,0,40,17,0,19,0],20
E01008,[3,E1,98,0,0,20,4C,0],19
1E0162A,[41,10,0,40,17,0,99,2],20
2616CFC,[B,42,0,F,33,5A,F,3D],19
1A0600A,[80,0,0,0,0,9E,40,0],19
2202262,[0,2,3,80,50,0,40,0],18
2803008,[8D,E1,FF,3F,3D,C5,20,0],19
3A04004,[0,BB,FF,FF,FF,FF,FF,FF],20
131726C,[0,8C,3B,D2,0,0,0,3F],21
1017FFC,[20,12,2,1,1,2,1,2],20
12173BE,[C0,21,0,2,0,2,A2,2],19
3000042,[0,0,1,B0,1C,0,2,22],20
2803008,[F,E1,FF,3F,3D,C5,20,0],19
131726C,[0,8C,32,D2,0,0,0,BF],20
2202262,[0,2,3,80,50,0,40,0],18
2510000,[0,0,0,0,0,0,0,89],19
1E0162A,[40,10,0,40,17,0,19,0],19
131726C,[0,8C,32,D2,0,0,0,BF],20
2616CFC,[B,42,0,F,33,5A,F,3D],19
217FFC,[1,EB,40,D8,F0,58,0,0],19
217FFC,[3,6B,40,D8,F0,58,0,0],19
217FFC,[1,6B,40,D8,F0,58,0,0],18
381526C,[0,9,5,BC,63,9F,32,2C],20
2C1302A,[C0,4,0,9E,13,8,80,0],21
12173BE,[40,31,0,2,0,82,A2,2],20
1E0162A,[80,10,0,40,17,0,59,0],19
3000042,[0,0,1,B0,1C,0,2,22],22
217FFC,[1,6B,40,D8,F0,58,0,0],19
1601422,[0,0,0,1,34,90,6,4C],20
C00402,[43,10,0,0,0,0,0,4],19
131726C,[0,8C,32,D2,0,0,0,3F],20
C00402,[83,10,0,0,0,0,0,4],19
1E0162A,[80,10,0,40,17,0,99,2],19
3E0004A,[0,0,0,0,1D,E0,0,0],20
1E0162A,[C0,10,0,48,17,0,59,0],19
1601422,[0,0,0,1,34,90,6,4C],20
131726C,[0,8C,32,D2,0,0,0,3F],18
2202262,[0,2,3,80,50,0,40,0],19
4600002,[0,0,0,0,0,0,1,3],22
131726C,[0,8C,37,D2,0,0,0,3F],20
3200408,[11,F8,50,0,0,0,0,0],19
131726C,[0,8C,37,D2,0,0,0,3F],19
12173BE,[40,21,0,2,0,2,A2,2],18
4900002,[0,0,0,0,F6,CA,CA,7],18
3200408,[11,F8,50,0,0,0,0,0],20
131726C,[0,8C,37,D2,0,0,0,BF],19
2803008,[CD,E1,FF,3F,3D,C5,20,0],20
E01008,[3,E1,98,0,0,20,4C,0],19
3A04004,[0,AB,FF,FF,FF,FF,FF,FF],20
3200408,[11,F8,50,0,0,0,0,0],18
E01008,[3,E1,98,0,0,20,4C,0],19
2202262,[0,2,3,80,50,0,40,0],19
2803008,[4F,E1,FF,3F,3D,C5,20,0],20
2C1302A,[0,4,0,9E,13,8,80,0],19
131726C,[0,8C,37,D2,0,0,0,3F],20
131726C,[0,8C,37,D2,0,0,0,3F],19
E01008,[3,E1,98,0,0,20,4C,0],19
1E0162A,[0,10,0,40,17,0,99,0],20
14034A2,[0,5B,0,4,89,3,4,0],18
131726C,[0,8C,37,D2,0,0,0,3F],19
2202262,[0,2,3,80,50,0,40,0],18
2803008,[D,E1,FF,3F,3D,C5,20,0],20
4000002,[0,0,0,4,6,1,B1,93],19
131726C,[0,8C,35,D2,0,0,0,3F],20
131726C,[0,8C,35,D2,0,0,0,3F],19
1A0600A,[80,0,0,0,0,9E,40,0],20
1E0162A,[40,10,0,40,17,0,59,0],19
2803008,[8D,E1,FF,3F,3D,C5,20,0],19
3A04004,[0,AB,FF,FF,FF,FF,FF,FF],20
217FFC,[3,6B,40,D8,F0,58,0,0],19
2300492,[0,0,0,0,0,0,0,4],19
217FFC,[3,EB,40,D8,F0,58,0,0],18
3000042,[0,0,1,B0,1C,0,2,22],20
1E0162A,[40,10,0,40,17,0,99,2],19
14034A2,[0,5B,0,4,89,3,4,0],20
1A0600A,[80,0,0,0,0,9E,40,0],19
217FFC,[1,6B,40,D8,F0,58,0,0],20
217FFC,[3,EB,40,D8,F0,58,0,0],19
217FFC,[1,6B,40,D8,F0,58,0,0],20
217FFC,[3,EB,40,D8,F0,58,0,0],19
C00402,[83,10,0,0,0,0,0,4],19
12173BE,[80,21,0,2,0,2,A2,2],21
1E0162A,[80,10,0,40,17,0,19,0],19
2202262,[0,2,3,80,50,0,40,0],20
C00402,[3,0,0,0,0,0,0,4],21
131726C,[0,8C,35,D2,0,5,0,3F],20
C00402,[43,10,0,0,0,0,0,4],19
3000042,[0,0,1,B0,1C,0,2,22],20
C00402,[83,10,10,0,0,0,0,4],19
3A04004,[0,AB,FF,FF,FF,FF,FF,FF],20
14034A2,[0,5B,0,4,89,3,4,0],18
1E0162A,[C0,10,0,40,17,0,59,0],19
131726C,[0,8C,39,D2,0,5,0,3F],18
1A0600A,[40,0,0,0,0,9E,40,0],18
4900002,[0,0,0,0,F6,CA,CA,11],19
2803008,[CD,E1,FF,3F,3D,C5,20,0],19
131726C,[0,8C,39,D2,0,7,0,3F],20
12173BE,[40,21,0,2,0,2,A2,2],19
1A0600A,[C0,0,0,0,0,9E,40,0],19
3200408,[11,F8,50,0,0,0,0,0],21
1E0162A,[0,10,0,40,17,0,59,2],20
131726C,[0,8C,39,D2,0,7,0,3F],19
E01008,[3,E1,98,0,0,20,4C,0],20
1A0600A,[40,0,0,0,0,9E,40,0],19
3600008,[0,0,B0,64,30,0,1,0],18
E01008,[3,E1,98,0,0,20,4C,0],18
131726C,[0,8C,39,D2,0,7,0,7F],19
1E0162A,[0,10,0,40,17,0,19,0],20
217FFC,[3,EB,40,D8,F0,58,0,0],21
2C1302A,[40,4,0,9E,13,8,80,0],20
131726C,[0,8C,39,D2,0,7,0,3F],19
2300492,[0,0,0,0,0,0,0,4],20
217FFC,[3,6B,40,D8,F0,58,0,0],19
12173BE,[0,21,0,2,0,2,A2,2],19
4200002,[64,0,7C,0,1A,4C,50,0],19
2202262,[0,2,3,80,50,0,40,0],23
2803008,[8F,E1,FF,3F,3D,C5,20,0],19
2510000,[0,0,0,0,0,0,0,89],18
3000042,[0,0,1,B0,1C,0,2,22],20
2616CFC,[B,42,0,F,33,5A,F,3D],19
131726C,[0,8C,3B,D2,0,7,0,3F],20
1A0600A,[0,0,0,0,0,9E,40,0],18
2803008,[D,E1,FF,3F,3D,C5,20,0],19
1E0162A,[40,10,0,40,17,0,19,0],18
131726C,[0,8C,3B,D2,0,7,0,3F],20
2006428,[1,E3,E0,0,0,0,0,0],19
217FFC,[7,6B,40,D8,F0,58,0,0],20
217FFC,[1,6B,40,D8,F0,58,0,0],19
217FFC,[3,EB,40,D8,F0,58,0,0],18
2C1302A,[C0,4,0,9E,13,8,80,0],19
E01008,[3,E1,98,0,0,20,4C,0],21
C00402,[C3,10,0,0,0,0,0,4],19
217FFC,[3,6B,40,D8,F0,58,0,0],19
3000042,[0,0,1,B0,1C,0,2,22],20
1E0162A,[C0,10,0,40,17,0,99,0],19
C00402,[43,0,0,0,0,0,0,4],21
12173BE,[80,31,0,2,0,82,A2,2],19
C00402,[83,10,0,0,0,0,0,4],20
3C01428,[0,0,71,4E,1E,4D,0,0],19
2C1302A,[80,0,0,9E,13,8,80,0],20
3A04004,[0,AB,FF,FF,FF,FF,FF,FF],19
1E0162A,[C0,10,0,40,17,0,59,0],19
131726C,[0,8C,35,D2,0,7,0,3F],19
12173BE,[40,21,0,2,0,2,A2,2],18
1A0600A,[40,0,0,0,0,9E,40,0],20
3200408,[11,F8,50,0,0,0,0,0],21
131726C,[0,8C,35,D2,0,7,0,3F],20
131726C,[0,8C,35,D2,0,7,0,3F],19
1E0162A,[C0,10,0,40,17,0,19,0],20
1A0600A,[C0,0,0,0,0,9E,40,0],19
2803008,[4D,E1,FF,3F,3D,C5,20,0],20
E01008,[3,E1,98,0,0,20,4C,0],19
1601422,[0,0,0,1,34,90,6,4C],20
2803008,[8F,E1,FF,3F,3D,C5,20,0],19
2202262,[0,2,1,80,50,0,40,0],19
131726C,[0,8C,35,D2,0,7,0,3F],20
2803008,[CD,E1,FF,3F,3D,C5,20,0],19
1E0162A,[0,10,0,40,17,0,59,0],20
2510000,[0,0,0,0,0,0,0,89],19
14034A2,[0,5B,0,4,89,3,4,0],20
3A04004,[0,BB,FF,FF,FF,FF,FF,FF],21
2202262,[0,2,1,80,50,0,40,0],19
2C1302A,[40,0,0,9E,13,8,80,0],20
217FFC,[3,EB,40,D8,F0,58,0,0],19
1E0162A,[0,10,0,40,17,0,99,0],19
2803008,[8F,E1,FF,3F,3D,C5,20,0],20
131726C,[0,8C,35,D2,0,9,0,3F],19
1A0600A,[80,0,0,0,0,9E,40,0],19
1601422,[0,0,0,1,34,90,6,4C],20
217FFC,[3,6B,40,D8,F0,58,0,0],19
2202262,[0,2,7,80,50,0,40,0],20
131726C,[0,8C,35,D2,0,D,0,3F],19
2C1302A,[0,4,0,9E,13,8,80,0],20
1E0162A,[40,10,0,40,17,0,19,0],19
2006428,[1,E3,E0,0,0,0,0,0],20
14034A2,[0,5B,0,4,89,3,4,0],22
217FFC,[1,6B,40,D8,F0,58,0,0],19
2202262,[0,2,3,80,50,0,40,0],19
2510000,[0,0,0,0,0,0,0,89],19
217FFC,[3,EB,40,D8,F0,58,0,0],20
E01008,[3,E1,98,0,0,20,4C,0],19
217FFC,[3,6B,40,D8,F0,58,0,0],20
217FFC,[1,EB,40,D8,F0,58,0,0],19
217FFC,[3,6B,40,D8,F0,58,0,0],19
2300492,[0,0,0,0,0,0,0,4],18
1A0600A,[40,0,0,0,0,9E,40,0],20
C00402,[83,0,0,0,0,0,0,4],19
4200002,[64,0,1C,0,1A,4D,50,0],20
C00402,[C3,10,0,0,0,0,0,4],19
131726C,[0,8C,35,D2,0,F,0,3F],19
1A0600A,[C0,0,0,0,0,9E,40,0],21
1601422,[0,0,0,1,34,90,6,4D],22
2C1302A,[80,4,0,9E,13,8,80,0],20
2202262,[0,2,3,80,50,0,40,0],18
C00402,[83,10,0,0,0,0,0,4],19
1A0600A,[40,0,0,0,0,9E,40,0],19
4900002,[0,0,0,0,F6,CA,CA,25],20
E01008,[3,E1,98,0,0,20,4C,0],19
1E0162A,[C0,10,0,40,17,0,59,0],20
2C1302A,[0,0,0,9E,13,8,80,0],19
3200408,[11,F8,50,0,0,0,0,0],20
3A04004,[0,AB,FF,FF,FF,FF,FF,FF],19
2C1302A,[40,4,0,9E,13,8,80,0],19
131726C,[0,8C,35,D2,0,15,0,3F],20
217FFC,[3,6B,40,D8,F0,58,0,0],19
3200408,[11,F8,50,0,0,0,0,0],20
E01008,[3,E1,98,0,0,20,4C,0],21
1E0162A,[0,10,0,48,17,0,19,2],20
131726C,[0,8C,35,D2,0,17,0,3F],19
E01008,[3,E1,98,0,0,20,4C,0],20
4000002,[0,0,0,4,6,1,B1,93],19
3A04004,[0,BB,FF,FF,FF,FF,FF,FF],20
131726C,[0,8C,35,D2,0,17,0,3F],19
1A0600A,[0,0,0,0,0,9E,40,0],20
14034A2,[0,5B,0,4,89,3,4,0],19
2510000,[0,0,0,0,0,0,0,89],18
2202262,[0,2,7,80,50,0,40,0],19
131726C,[0,8C,39,D2,0,17,0,3F],21
1A0600A,[80,0,0,0,0,9E,40,0],20
3C01428,[C0,80,51,4E,1E,4D,0,0],19
2803008,[D,E1,FF,3F,3D,C5,20,0],20
3A04004,[0,AB,FF,FF,FF,FF,FF,FF],22
131726C,[0,8C,39,D2,0,17,0,3F],20
1601422,[0,0,0,1,34,90,6,4D],19
217FFC,[3,6B,40,D8,F0,58,0,0],19
2202262,[0,2,3,80,50,0,40,0],18
2803008,[8D,E1,FF,3F,3D,C5,20,0],20
131726C,[0,8C,39,D2,0,17,0,3F],18
1A0600A,[80,0,0,0,0,9E,40,0],18
2616CFC,[B,42,0,F,33,5A,F,3D],20
12173BE,[C0,21,0,2,0,2,A2,2],19
2510000,[0,0,0,0,0,0,0,89],20
2202262,[0,2,3,80,50,0,40,0],19
1A0600A,[0,0,0,0,0,9E,40,0],20
217FFC,[3,EB,40,D8,F0,58,0,0],19
217FFC,[1,6B,40,D8,F0,58,0,0],20
217FFC,[3,EB,40,D8,F0,58,0,0],22
12173BE,[80,31,0,2,0,82,A2,2],19
E01008,[3,E1,98,0,0,20,4C,0],19
217FFC,[1,EB,40,D8,F0,58,0,0],20
217FFC,[3,6B,40,D8,F0,58,0,0],18
2300492,[0,0,0,0,0,0,0,4],18
3E0004A,[0,0,0,0,1D,E0,0,0],20
C00402,[83,10,0,0,0,0,0,4],19
12173BE,[40,21,0,2,0,2,A2,2],21
C00402,[C3,10,0,0,0,0,0,4],18
1601422,[0,0,0,1,34,90,6,4D],19
4900002,[0,0,0,0,F6,CA,CA,2F],19
2202262,[0,2,3,80,50,0,40,0],20
131726C,[0,8C,37,D2,0,1F,0,3F],19
1E0162A,[0,10,0,40,17,0,19,0],20
1A0600A,[C0,0,0,0,0,9E,40,0],19
E01008,[3,E1,98,0,0,20,4C,0],21
1601422,[0,0,0,1,34,90,6,4D],20
131726C,[0,8C,37,D2,0,21,0,3F],19
3200408,[11,B8,50,0,0,0,0,0],19
1A0600A,[40,0,0,0,0,9E,40,0],18
1E0162A,[1,10,0,40,17,0,99,2],20
E01008,[3,E1,98,0,0,20,4C,0],19
131726C,[0,8C,37,D2,0,23,0,3F],20
12173BE,[0,21,0,2,0,2,A2,2],18
217FFC,[3,6B,40,D8,F0,58,0,0],20
2202262,[0,2,7,80,50,0,40,0],19
131726C,[0,8C,37,D2,0,23,0,3F],19
1A0600A,[0,0,0,0,0,9E,40,0],20
2C1302A,[0,4,0,9E,13,8,80,0],19
2616CFC,[B,46,0,F,33,5A,F,3D],19
14034A2,[0,5B,0,4,89,3,4,0],21
2510000,[0,0,0,0,0,0,0,89],19
2803008,[F,E1,FF,3F,3D,C5,20,0],18
217FFC,[1,6B,40,D8,F0,58,0,0],19
217FFC,[3,EB,40,D8,F0,58,0,0],21
2616CFC,[B,42,0,F,33,5A,F,3D],20
131726C,[0,8C,3B,D2,0,29,0,3F],19
3E0004A,[0,0,0,0,1D,E0,0,0],20
2803008,[8D,E1,FF,3F,3D,C5,20,0],19
14034A2,[0,5B,0,4,89,3,4,0],19
131726C,[0,8C,3B,D2,0,29,0,3F],20
2006428,[1,E3,E0,0,0,0,0,0],19
1A0600A,[80,0,0,0,0,9E,40,0],20
2510000,[0,0,0,0,0,0,0,89],19
217FFC,[3,6B,40,D8,F0,58,0,0],20
217FFC,[1,EB,40,D8,F0,58,0,0],21
217FFC,[3,6B,40,D8,F0,58,0,0],20
E01008,[3,E5,98,0,0,20,4C,0],19
1601422,[0,0,0,1,34,90,6,4D],20
217FFC,[1,6B,40,D8,F0,58,0,0],19
217FFC,[3,6B,40,D8,F0,58,0,0],19
2C1302A,[C0,4,0,9E,13,8,80,0],20
1E0162A,[80,10,0,48,17,0,59,0],19
2300492,[0,0,0,0,0,0,0,4],19
3000042,[0,0,1,B0,1C,0,2,22],18
C00402,[83,10,10,0,0,0,0,4],20
1E0162A,[0,10,0,40,17,0,99,2],19
2202262,[0,2,7,80,50,0,40,0],20
4000002,[0,0,0,4,6,1,B1,93],19
217FFC,[3,6B,40,D8,F0,58,0,0],20
3600008,[0,0,B0,60,30,0,0,0],19
1E0162A,[C0,10,0,48,17,0,99,2],24
14034A2,[0,5B,0,4,89,3,4,0],19
C00402,[83,10,0,0,0,0,0,4],19
131726C,[0,8C,39,D2,0,2B,0,3F],19
1A0600A,[C0,0,0,0,0,9E,40,0],18
3A04004,[0,AB,FF,FF,FF,FF,FF,FF],20
E01008,[3,E1,98,0,0,20,4C,0],19
1E0162A,[C0,10,0,40,17,0,59,0],20
3E0004A,[0,0,0,0,1D,E0,0,0],19
1A0600A,[40,0,0,0,0,9E,40,0],20
1601422,[0,0,0,1,34,90,6,4D],19
2803008,[4D,E1,FF,3F,3D,C5,20,0],20
E01008,[3,E1,98,0,0,20,4C,0],19
2300492,[0,0,0,0,0,0,0,4],19
2803008,[8D,E1,FF,3F,3D,C5,20,0],20
3A04004,[0,BB,FF,FF,FF,FF,FF,FF],22
1E0162A,[0,10,0,40,17,0,59,2],20
131726C,[0,8C,39,D2,0,2B,0,3F],18
4000002,[0,0,0,4,6,1,B1,93],19
2202262,[0,2,3,80,50,0,40,0],19
2C1302A,[0,0,0,9E,13,8,80,0],20
131726C,[0,8C,3B,D2,0,2D,0,3F],19
1A0600A,[80,0,0,0,0,9E,40,0],20
2803008,[4D,E1,FF,3F,3D,C5,20,0],19
3E0004A,[0,0,0,0,1D,E0,0,0],20
1017FFC,[5,0,37,9E,40,6A,7,A8],19
2803008,[8D,E1,FF,3F,3D,C5,20,0],19
1A0600A,[0,0,0,0,0,9E,40,0],20
217FFC,[3,6B,40,D8,F0,58,0,0],20
2616CFC,[B,42,0,F,33,5A,F,3D],20
131726C,[0,8C,3B,D2,0,2D,0,3F],22
2510000,[0,0,0,0,0,0,0,89],20
2803008,[F,E1,FF,3F,3D,C5,20,0],19
2C1302A,[0,4,0,9E,13,8,80,0],20
217FFC,[3,6B,40,D8,F0,58,0,0],18
2006428,[1,E3,E0,0,0,0,0,0],19
217FFC,[3,EB,40,D8,F0,58,0,0],19
1A0600A,[0,0,0,0,0,9E,40,0],20
E01008,[3,E5,98,0,0,20,4C,0],19
2510000,[0,0,0,0,0,0,0,89],19
217FFC,[3,6B,40,D8,F0,58,0,0],20
217FFC,[1,EB,40,D8,F0,58,0,0],19
2202262,[0,2,3,80,50,0,40,0],20
2C1302A,[C0,0,0,9E,13,8,80,0],19
3000042,[0,0,1,B0,1C,0,2,22],20
2300492,[0,0,0,0,0,0,0,4],21
E01008,[3,E1,98,0,0,20,4C,0],20
C00402,[3,10,0,0,0,0,0,4],19
1E0162A,[80,10,0,40,17,0,59,0],20
C00402,[43,10,0,0,0,0,0,4],18
1E0162A,[C0,10,0,40,17,0,99,0],20
2202262,[0,2,1,80,50,0,40,0],19
E01008,[3,E1,98,0,0,20,4C,0],19
2C1302A,[80,4,0,9E,13,8,80,0],20
3600008,[0,0,B0,60,30,0,0,0],19
1A0600A,[C0,0,0,0,0,9E,40,0],21
3E0004A,[0,0,0,0,1D,E0,0,0],19
1E0162A,[C0,10,0,40,17,0,59,0],20
3200408,[11,B8,50,0,0,0,0,0],19
1E0162A,[0,10,0,40,17,0,19,0],20
1A0600A,[40,0,0,0,0,9E,40,0],19
E01008,[3,E1,98,0,0,20,4C,0],23
131726C,[0,8C,39,D2,0,2F,0,3F],19
3600008,[0,4,B0,64,30,0,1,0],19
1E0162A,[C0,10,0,40,17,0,19,0],19
1A0600A,[C0,0,0,0,0,9E,40,0],19
1E0162A,[0,10,0,40,17,0,99,2],20
E01008,[3,E1,98,0,0,20,4C,0],18
131726C,[0,8C,39,D2,0,2F,0,3F],19
2803008,[D,E1,FF,3F,3D,C5,20,0],19
4200002,[64,0,7C,0,1A,4D,50,0],20
131726C,[0,8C,3B,D2,0,2F,0,3F],19
1601422,[0,0,0,1,34,90,6,4D],20
2C1302A,[0,4,0,9E,13,8,80,0],19
217FFC,[1,6B,40,D8,F0,58,0,0],18
2803008,[8D,E1,FF,3F,3D,C5,20,0],19
3A04004,[0,AB,FF,FF,FF,FF,FF,FF],22
217FFC,[3,6B,40,D8,F0,58,0,0],20
2803008,[CD,E1,FF,3F,3D,C5,20,0],19
12173BE,[C0,21,0,2,0,2,A2,2],20
2510000,[0,0,0,0,0,0,0,89],18
2202262,[0,2,1,80,50,0,40,0],20
1E0162A,[40,10,0,48,17,0,19,2],21
1A0600A,[80,0,0,0,0,9E,40,0],20
2510000,[0,0,0,0,0,0,0,89],18
217FFC,[3,6B,40,D8,F0,58,0,0],20
131726C,[0,8C,3B,D2,0,2F,0,3F],19
E01008,[3,E1,98,0,0,20,4C,0],19
217FFC,[1,6B,40,D8,F0,58,0,0],20
217FFC,[3,6B,40,D8,F0,58,0,0],18
3000042,[0,0,1,B0,1C,0,2,22],20
1E0162A,[80,10,0,40,17,0,99,2],22
C00402,[83,0,0,0,0,0,0,4],19
217FFC,[3,EB,40,D8,F0,58,0,0],18
2300492,[0,0,0,0,0,0,0,4],20
14034A2,[0,5B,0,4,89,3,4,0],19
C00402,[3,10,10,0,0,0,0,4],20
2202262,[0,2,5,80,50,0,40,0],19
C00402,[43,10,0,0,0,0,0,4],18
131726C,[0,8C,35,D2,0,2F,0,3F],20
131726C,[0,8C,35,D2,0,2F,0,3F],19
1A0600A,[40,0,0,0,0,9E,40,0],20
12173BE,[40,31,0,2,0,82,A2,2],19
2C1302A,[40,0,0,9E,13,8,80,0],20
2202262,[0,2,1,80,50,0,40,0],19
3E0004A,[0,0,0,0,1D,E0,0,0],20
1A0600A,[C0,0,0,0,0,9E,40,0],19
E01008,[3,E1,98,0,0,20,4C,0],23
131726C,[0,8C,35,D2,0,2F,0,3F],19
2616CFC,[B,46,0,F,33,5A,F,3D],21
E01008,[3,E1,98,0,0,20,4C,0],19
14034A2,[0,5B,0,4,89,3,4,0],20
2803008,[8D,E1,FF,3F,3D,C5,20,0],19
2202262,[0,2,1,80,50,0,40,0],18
131726C,[0,8C,35,D2,0,2F,0,3F],19
2803008,[CD,E1,FF,3F,3D,C5,20,0],19
E01008,[3,E1,98,0,0,20,4C,0],19
3A04004,[0,BB,FF,FF,FF,FF,FF,FF],18
12173BE,[0,31,0,2,0,82,A2,2],19
1A0600A,[0,0,0,0,0,9E,40,0],18
2202262,[0,2,1,80,50,0,40,0],20
2803008,[4D,E1,FF,3F,3D,C5,20,0],19
131726C,[0,8C,39,D2,0,2F,0,3F],20
1E0162A,[0,10,0,48,17,0,19,2],19
4000002,[0,0,0,4,6,1,B1,93],19
1E0162A,[40,10,0,40,17,0,59,0],20
2C1302A,[0,0,0,9E,13,8,80,0],19
1601422,[0,0,0,1,34,90,6,4C],20
131726C,[0,8C,39,D2,0,2F,0,3F],19
1A0600A,[0,0,0,0,0,9E,40,0],19
2803008,[D,E1,FF,3F,3D,C5,20,0],18
217FFC,[1,6B,40,D8,F0,58,0,0],19
1E0162A,[40,10,0,40,17,0,99,2],19
2006428,[1,E3,E0,0,0,0,0,0],20
1A0600A,[80,0,0,0,0,9E,40,0],19
217FFC,[1,6B,40,D8,F0,58,0,0],19
E01008,[3,E1,98,0,0,20,4C,0],20
217FFC,[1,6B,40,D8,F0,58,0,0],23
217FFC,[3,6B,40,D8,F0,58,0,0],20
1E0162A,[40,10,0,40,17,0,59,0],19
1B500000,[0,0,0,0,0,0,0,0],20
2510000,[0,0,0,0,0,0,0,89],19
E01008,[3,E1,98,0,0,20,4C,0],19
1601422,[0,0,0,1,34,90,6,4D],19
217FFC,[3,EB,40,D8,F0,58,0,0],20
217FFC,[1,6B,40,D8,F0,58,0,0],19
3000042,[0,0,1,B0,1C,0,2,22],20
2300492,[0,0,0,0,0,0,0,4],19
1E0162A,[80,10,0,40,17,0,99,2],19
C00402,[83,10,0,0,0,0,0,4],19
1601422,[0,0,0,1,34,90,6,4D],18
C00402,[C3,10,0,0,0,0,0,4],19
1A0600A,[40,0,0,0,0,9E,40,0],22
4900002,[0,0,0,0,F6,CA,CA,57],20
131726C,[0,8C,37,D2,0,2F,0,3F],19
2300492,[0,0,0,0,0,0,0,4],20
3000042,[0,0,1,B0,1C,0,2,22],19
12173BE,[40,21,0,2,0,2,A2,2],19
3A04004,[0,AB,FF,FF,FF,FF,FF,FF],18
2C1302A,[80,4,0,9E,13,8,80,0],19
131726C,[0,8C,37,D2,0,2F,0,3F],19
2803008,[8F,E1,99,39,39,C5,20,0],19
1A0600A,[40,0,0,0,0,9E,40,0],19
131726C,[0,8C,37,D2,0,2F,0,3F],19
3200408,[11,F8,50,0,0,0,0,0],22
131726C,[0,8C,37,D2,0,2F,0,3F],19
4000002,[0,0,0,4,6,1,B1,93],20
1A0600A,[C0,0,0,0,0,9E,40,0],21
E01008,[3,E1,98,0,0,20,4C,0],20
2C1302A,[40,4,0,9E,13,8,80,0],19
131726C,[0,8C,37,D2,0,2F,0,3F],20
E01008,[3,E1,98,0,0,20,4C,0],19
217FFC,[1,6B,40,D8,F0,58,0,0],20
1E0162A,[0,10,0,40,17,0,99,2],19
131726C,[0,8C,37,D2,0,2F,0,3F],19
2202262,[0,2,5,80,50,0,40,0],20
2803008,[CD,E1,0,30,30,C5,20,0],19
217FFC,[3,6B,40,D8,F0,58,0,0],20
4200002,[64,0,7C,0,1A,4C,50,0],19
131726C,[0,8C,37,D2,0,2F,0,3F],20
12173BE,[C0,31,0,2,0,82,A2,2],19
217FFC,[3,6B,40,D8,F0,58,0,0],20
2202262,[0,2,1,80,50,0,40,0],21
131726C,[0,8C,37,D2,0,2F,0,3F],20
3C01428,[80,81,41,4E,1E,4D,0,0],19
2803008,[8F,E1,0,30,30,C5,20,0],20
2510000,[0,0,0,0,0,0,0,89],19
217FFC,[3,EB,40,D8,F0,58,0,0],18
2006428,[1,E3,E0,0,0,0,0,0],20
1E0162A,[40,10,0,40,17,0,19,2],19
1A0600A,[0,0,0,0,0,9E,40,0],20
E01008,[3,E5,98,0,0,20,4C,0],20
217FFC,[1,6B,40,D8,F0,58,0,0],19
131726C,[0,8C,37,D2,0,2F,0,3F],18
217FFC,[1,6B,40,D8,F0,58,0,0],20
217FFC,[3,6B,40,D8,F0,58,0,0],19
12173BE,[80,21,0,2,0,2,A2,2],20
3000042,[0,0,1,B0,1C,0,2,22],19
1E0162A,[80,10,0,40,17,0,99,2],21
217FFC,[3,6B,40,D8,F0,58,0,0],20
C00402,[C3,10,0,0,0,0,0,4],19
3E0004A,[0,0,0,0,1D,E0,0,0],20
3000042,[0,0,1,B0,1C,0,2,22],18
12173BE,[40,21,0,2,0,2,A2,2],19
C00402,[43,0,0,0,0,0,0,4],19
2202262,[0,2,1,80,50,0,40,0],20
C00402,[83,10,0,0,0,0,0,4],18
1E0162A,[C0,10,0,40,17,0,19,0],20
1A0600A,[C0,0,0,0,0,9E,40,0],19
2C1302A,[40,0,0,9E,13,8,80,0],19
3600008,[0,0,B0,40,30,0,0,0],19
131726C,[0,8C,35,D2,0,2F,0,3F],18
2202262,[0,2,1,80,50,0,40,0],20
3000042,[0,0,1,B0,1C,0,2,22],21
131726C,[0,8C,35,D2,0,2F,0,3F],20
131726C,[0,8C,35,D2,0,2F,0,3F],19
131726C,[0,8C,35,D2,0,2F,0,3F],20
E01008,[3,E1,98,0,0,20,4C,0],18
1E0162A,[40,10,0,40,17,0,19,0],21
2616CFC,[B,42,0,0,33,50,0,30],19
E01008,[3,E1,98,0,0,20,4C,0],20
131726C,[0,8C,35,D2,0,2F,0,3F],19
2C1302A,[40,0,0,9E,13,8,80,0],19
1E0162A,[0,10,0,40,17,0,99,0],20
4600002,[0,0,0,0,0,0,1,3],19
131726C,[0,8C,39,D2,0,2F,0,3F],20
12173BE,[C0,31,0,2,0,82,A2,2],19
2510000,[0,0,0,0,0,0,0,89],20
3200408,[11,F8,50,0,0,0,0,0],21
3A04004,[0,AB,FF,FF,FF,FF,FF,FF],20
2202262,[0,2,1,80,50,0,40,0],19
2803008,[4D,E1,FF,3F,3D,C5,20,0],20
2C1302A,[0,4,0,9E,13,8,80,0],18
3E0004A,[0,0,0,0,1D,E0,0,0],19
2803008,[8D,E1,FF,3F,3D,C5,20,0],19
12173BE,[C0,31,0,2,0,82,A2,2],19
1A0600A,[80,0,0,0,0,9E,40,0],20
2202262,[0,2,1,80,50,0,40,0],19
217FFC,[3,6B,40,D8,F0,58,0,0],20
2510000,[0,0,0,0,0,0,0,89],19
E01008,[3,E1,98,0,0,20,4C,0],20
1A0600A,[0,0,0,0,0,9E,40,0],19
217FFC,[3,6B,40,D8,F0,58,0,0],19
3000042,[0,0,1,B0,1C,0,2,22],21
2202262,[0,2,1,80,50,0,40,0],20
217FFC,[1,6B,40,D8,F0,58,0,0],20
E01008,[3,E1,98,0,0,20,4C,0],20
2510000,[0,0,0,0,0,0,0,89],19
217FFC,[3,6B,40,D8,F0,58,0,0],19
217FFC,[1,6B,40,D8,F0,58,0,0],20
1E0162A,[C0,10,0,40,17,0,99,2],19
12173BE,[80,31,0,2,0,82,A2,2],20
2C1302A,[80,4,0,9E,13,8,80,0],18
2202262,[0,2,1,80,50,0,40,0],19
1A0600A,[40,0,0,0,0,9E,40,0],19
C00402,[83,0,0,0,0,0,0,4],20
381526C,[0,9,5,BC,63,9F,32,2C],19
2300492,[0,0,0,0,0,0,0,4],19
12173BE,[40,21,0,2,0,2,A2,2],20
1A0600A,[C0,0,0,0,0,9E,40,0],21
2202262,[0,2,1,80,50,0,40,0],20
C00402,[43,10,0,0,0,0,0,4],19
131726C,[0,8C,3B,D2,0,2F,0,3F],20
E01008,[3,E1,98,0,0,20,4C,0],19
1E0162A,[C1,10,0,40,17,0,99,0],20
381526C,[0,9,5,BC,63,9F,32,2C],19
E01008,[3,E1,98,0,0,20,4C,0],20
1601422,[0,0,0,1,34,90,6,4C],19
2803008,[4D,E1,FF,3F,3D,C5,20,0],20
E01008,[3,E1,98,0,0,20,4C,0],18
3A04004,[0,BB,FF,FF,FF,FF,FF,FF],19
131726C,[0,8C,3B,D2,0,2F,0,3F],19
4000002,[0,0,0,4,6,1,B1,93],18
1E0162A,[0,10,0,40,17,0,19,0],22
12173BE,[0,21,0,2,0,2,A2,2],21
2C1302A,[40,4,0,9E,13,8,80,0],20
2202262,[0,2,5,80,50,0,40,0],19
131726C,[0,8C,37,D2,0,2F,0,3F],20
4600002,[0,0,0,0,0,0,1,3],19
14034A2,[0,5B,0,4,89,3,4,0],20
1E0162A,[0,10,0,40,17,0,99,2],19
3E0004A,[0,0,0,0,1D,E0,0,0],20
1017FFC,[20,12,2,1,1,2,1,2],19
1601422,[0,0,0,1,34,90,6,4C],19
2510000,[0,0,0,0,0,0,0,89],19
2C1302A,[0,4,0,9E,13,8,80,0],19
2803008,[CD,E1,77,37,37,C5,20,0],20
1A0600A,[80,0,0,0,0,9E,40,0],19
2510000,[0,0,0,0,0,0,0,89],20
2616CFC,[B,42,0,0,33,50,0,30],19
1601422,[0,0,0,1,34,90,6,4C],23
217FFC,[3,6B,40,D8,F0,58,0,0],19
2006428,[1,63,E0,0,0,0,0,0],20
1B500000,[0,0,0,0,0,0,0,0],19
217FFC,[1,6B,40,D8,F0,58,0,0],19
131726C,[0,8C,37,D2,0,2F,0,3F],18
2510000,[0,0,0,0,0,0,0,89],18
217FFC,[3,6B,40,D8,F0,58,0,0],20
217FFC,[1,EB,40,D8,F0,58,0,0],19
3C01428,[0,80,71,4E,1E,4C,0,0],20
C00402,[3,10,10,0,0,0,0,4],20
217FFC,[3,EB,40,D8,F0,58,0,0],20
381526C,[0,9,5,BC,63,9F,32,2C],19
131726C,[0,8C,37,D2,0,2F,0,3F],20
3000042,[0,0,1,B0,1C,0,2,22],19
1E0162A,[80,10,0,40,17,0,99,2],23
1601422,[0,0,0,1,34,90,6,4C],19
1E0162A,[C0,10,0,48,17,0,59,0],19
2202262,[0,2,1,80,50,0,40,0],18
131726C,[0,8C,37,D2,0,2F,0,3F],19
C00402,[43,10,0,0,0,0,0,4],20
381526C,[0,9,5,BC,63,9F,32,2C],19
C00402,[83,10,0,0,0,0,0,4],19
12173BE,[40,21,0,2,0,2,A2,2],19
2300492,[0,0,0,0,0,0,0,4],20
2202262,[0,2,1,80,50,0,40,0],18
1E0162A,[1,10,0,40,17,0,99,2],19
2803008,[4D,E1,0,30,30,C5,20,0],19
E01008,[3,E1,98,0,0,20,4C,0],19
217FFC,[1,EB,40,D8,F0,58,0,0],20
12173BE,[0,21,0,2,0,2,A2,2],21
3A04004,[0,BB,FF,FF,FF,FF,FF,FF],20
2202262,[0,2,1,80,50,0,40,0],19
131726C,[0,8C,37,D2,0,2F,0,3F],20
217FFC,[3,6B,40,D8,F0,58,0,0],19
1017FFC,[1C,1,4,1,3,1,6,1],20
2803008,[F,E1,0,30,30,C5,20,0],18
131726C,[0,8C,35,D2,0,2F,0,3F],21
1A0600A,[80,0,0,0,0,9E,40,0],19
2803008,[4D,E1,0,30,30,C5,20,0],20
1E0162A,[0,10,0,40,17,0,99,0],19
3A04004,[0,AB,FF,FF,FF,FF,FF,FF],19
131726C,[0,8C,35,D2,0,2F,0,3F],19
2510000,[0,0,0,0,0,0,0,89],18
217FFC,[3,6B,40,D8,F0,58,0,0],20
2616CFC,[B,42,0,0,33,50,0,30],30
14034A2,[0,5B,0,4,89,3,4,0],19
1E0162A,[0,10,0,48,17,0,19,2],19
3200408,[11,F8,50,0,0,0,0,0],20
E01008,[3,E1,98,0,0,20,4C,0],18
1A0600A,[C0,0,0,0,0,9E,40,0],19
2C1302A,[40,0,0,9E,13,8,80,0],18
E01008,[3,E1,98,0,0,20,4C,0],20
1A0600A,[0,0,0,0,0,9E,40,0],19
1E0162A,[0,10,0,40,17,0,19,0],20
3E0004A,[0,0,0,0,1D,E0,0,0],19
1E0162A,[40,10,0,40,17,0,99,2],20
1601422,[0,0,0,1,34,90,6,4D],19
1A0600A,[80,0,0,0,0,9E,40,0],19
2510000,[0,0,0,0,0,0,0,89],20
2803008,[D,E1,FF,3F,3D,C5,60,0],19
2C1302A,[0,4,0,9E,13,8,80,0],22
217FFC,[3,6B,40,D8,F0,58,0,0],19
1017FFC,[1,F,F6,CA,CA,7E,0,C],22
12173BE,[C0,21,0,2,0,2,A2,2],19
217FFC,[1,EB,40,D8,F0,58,0,0],20
2803008,[8D,E1,FF,3F,3D,C5,20,0],19
131726C,[0,8C,35,D2,0,2F,0,3F],20
1A0600A,[80,0,0,0,0,9E,40,0],18
2803008,[CD,E1,FF,3F,3D,C5,20,0],19
1E0162A,[40,10,0,40,17,0,19,0],18
2510000,[0,0,0,0,0,0,0,89],18
2616CFC,[B,46,0,F,33,5A,F,3D],20
1601422,[0,0,0,1,34,90,6,4D],19
217FFC,[3,EB,40,D8,F0,58,0,0],20
E01008,[3,E1,98,0,0,20,4C,0],19
217FFC,[3,6B,40,D8,F0,58,0,0],23
217FFC,[1,EB,40,D8,F0,58,0,0],19
E01008,[3,E1,98,0,0,20,4C,0],19
2510000,[0,0,0,0,0,0,0,89],18
217FFC,[3,6B,40,D8,F0,58,0,0],20
217FFC,[1,6B,40,D8,F0,58,0,0],19
2202262,[0,2,1,80,50,0,40,0],19
C00402,[3,10,0,0,0,0,0,4],20
131726C,[0,8C,35,D2,0,2F,0,3F],19
3000042,[0,0,1,B0,1C,0,2,22],20
1A0600A,[40,0,0,0,0,9E,40,0],19
12173BE,[40,31,0,2,0,82,A2,2],19
1E0162A,[C0,10,0,48,17,0,59,0],19
C00402,[C3,10,0,0,0,0,0,4],19
3000042,[0,0,1,B0,1C,0,2,22],19
1A0600A,[C0,0,0,0,0,9E,40,0],24
E01008,[3,E1,98,0,0,20,4C,0],19
C00402,[43,10,0,0,0,0,0,4],20
381526C,[0,9,5,BC,63,9F,32,2C],19
C00402,[83,10,0,0,0,0,0,4],19
12173BE,[40,21,0,2,0,2,A2,2],20
C00402,[C3,0,0,0,0,0,0,4],18
2202262,[0,2,1,80,50,0,40,0],20
131726C,[0,8C,35,D2,0,2F,0,3F],19
2803008,[4F,E1,FF,3F,3D,C5,20,0],20
1A0600A,[C0,0,0,0,0,9E,40,0],19
3A04004,[0,BB,FF,FF,FF,FF,FF,FF],20
12173BE,[0,31,0,2,0,82,A2,2],19
E01008,[3,E5,98,0,0,20,4C,0],20
2202262,[0,2,1,80,50,0,40,0],19
2803008,[CD,E1,FF,3F,3D,C5,20,0],23
131726C,[0,8C,35,D2,0,2F,0,3F],19
131726C,[0,8C,35,D2,0,2F,0,3F],19
131726C,[0,8C,35,D2,0,2F,0,3F],20
12173BE,[C0,21,0,2,0,2,A2,2],19
1E0162A,[0,10,0,40,17,0,99,0],20
2616CFC,[B,46,0,F,33,5A,F,3D],19
131726C,[0,8C,2E,D2,0,2F,0,3F],20
2202262,[0,2,5,80,50,0,40,0],18
2803008,[8D,E1,FF,3F,3D,C5,20,0],19
2510000,[0,0,0,0,0,0,0,89],18
131726C,[0,8C,2E,D2,0,2F,0,3F],20
2803008,[CD,E1,FF,3F,3D,C5,20,0],21
3E0004A,[0,0,0,0,1D,E0,0,0],20
1017FFC,[1,F,F6,CA,CA,89,FF,F3],19
2803008,[D,E1,FF,3F,3D,C5,20,0],22
3A04004,[0,AB,FF,FF,FF,FF,FF,FF],20
3C01428,[80,0,41,4E,1E,4D,0,0],19
2616CFC,[B,46,0,F,33,5A,F,3D],20
217FFC,[3,EB,40,D8,F0,58,0,0],19
14034A2,[0,5B,0,4,89,3,4,0],20
2616CFC,[B,42,0,F,33,5A,F,3D],19
14034A2,[0,5B,0,4,89,3,4,0],19
1A0600A,[80,0,0,0,0,9E,40,0],18
2006428,[1,E3,E0,0,0,0,0,0],20
217FFC,[3,EB,40,D8,F0,58,0,0],19
131726C,[0,8C,2E,D2,0,2F,0,3F],19
E01008,[3,E1,98,0,0,20,4C,0],20
217FFC,[1,EB,40,D8,F0,58,0,0],19
12173BE,[80,21,0,2,0,2,A2,2],20
1E0162A,[80,10,0,40,17,0,19,0],21
2202262,[0,2,1,80,50,0,40,0],19
217FFC,[1,6B,40,D8,F0,58,0,0],19
217FFC,[3,EB,40,D8,F0,58,0,0],20
381526C,[0,9,5,BC,63,9F,32,2C],19
4200002,[64,0,7C,0,1A,4D,50,0],20
14034A2,[0,5B,0,4,89,3,4,0],19
1E0162A,[80,10,0,40,17,0,99,2],19
1601422,[0,0,0,1,34,90,6,4D],18
1E0162A,[C0,10,0,40,17,0,59,0],20
3000042,[0,0,1,B0,1C,0,2,22],19
2C1302A,[80,0,0,9E,13,8,80,0],19
C00402,[3,0,0,0,0,0,0,4],20
3200408,[11,F8,50,0,0,0,0,0],18
C00402,[43,10,0,0,0,0,0,4],19
1601422,[0,0,0,1,34,90,6,4D],19
1E0162A,[C0,10,0,40,17,0,99,0],22
3200408,[11,F8,50,0,0,0,0,0],19
C00402,[C3,10,0,0,0,0,0,4],20
131726C,[0,8C,39,D2,0,2F,0,3F],19
E01008,[3,E1,98,0,0,20,4C,0],19
1A0600A,[40,0,0,0,0,9E,40,0],20
12173BE,[0,31,0,2,0,82,A2,2],18
E01008,[3,E1,98,0,0,20,4C,0],19
2202262,[0,2,1,80,50,0,40,0],19
1E0162A,[0,10,0,40,17,0,19,0],20
217FFC,[3,6B,40,D8,F0,58,0,0],19
1017FFC,[23,0,0,0,0,0,0,0],19
131726C,[0,8C,3B,D2,0,2F,0,3F],19
14034A2,[0,5B,0,4,89,3,4,0],20
217FFC,[3,6B,40,D8,F0,58,0,0],19
2202262,[0,2,1,80,50,0,40,0],22
131726C,[0,8C,3B,D2,0,2F,0,3F],19
131726C,[0,8C,3B,D2,0,2F,0,3F],19
2616CFC,[B,42,0,F,33,5A,F,3D],20
217FFC,[1,EB,40,D8,F0,58,0,0],19
4000002,[0,0,0,4,6,1,B1,93],22
2510000,[0,0,0,0,0,0,0,89],19
12173BE,[C0,31,0,2,0,82,A2,2],20
1A0600A,[0,0,0,0,0,9E,40,0],19
2202262,[0,2,1,80,50,0,40,0],20
1E0162A,[40,10,0,40,17,0,19,0],19
131726C,[0,8C,3B,D2,0,2F,0,3F],20
E01008,[3,E1,98,0,0,20,4C,0],18
1A0600A,[80,0,0,0,0,9E,40,0],18
217FFC,[1,6B,40,D8,F0,58,0,0],20
217FFC,[3,EB,40,D8,F0,58,0,0],22
2202262,[0,2,1,80,50,0,40,0],20
217FFC,[3,6B,40,D8,F0,58,0,0],19
E01008,[3,E1,98,0,0,20,4C,0],20
217FFC,[3,6B,40,D8,F0,58,0,0],19
217FFC,[1,6B,40,D8,F0,58,0,0],20
14034A2,[0,5B,0,4,89,3,4,0],19
C00402,[3,0,0,0,0,0,0,4],19
1601422,[0,0,0,1,34,90,6,4D],18
C00402,[43,10,0,0,0,0,0,4],20
3C01428,[0,81,51,4E,1E,4D,0,0],19
C00402,[83,10,0,0,0,0,0,4],19
2C1302A,[0,0,0,9E,13,8,80,0],20
C00402,[C3,10,0,0,0,0,0,4],18
131726C,[0,8C,35,D2,0,2F,0,3F],20
C00402,[3,10,0,0,0,0,0,4],18
1A0600A,[40,0,0,0,0,9E,40,0],23
2300492,[0,0,0,0,0,0,0,4],20
2C1302A,[80,4,0,9E,13,8,80,0],20
C00402,[83,10,0,0,0,0,0,4],19
3000042,[0,0,1,B0,1C,0,2,22],20
C00402,[C3,10,0,0,0,0,0,4],19
3200408,[11,F8,10,0,0,0,0,0],20
E01008,[3,E1,98,0,0,20,4C,0],18
1601422,[0,0,0,1,34,90,6,4D],18
2300492,[0,0,0,0,0,0,0,4],20
E01008,[3,E1,98,0,0,20,4C,0],19
131726C,[0,8C,35,D2,0,2F,0,3F],20
2C1302A,[40,4,0,9E,13,8,80,0],19
1E0162A,[0,10,0,40,17,0,59,0],20
217FFC,[1,6B,40,D8,F0,58,0,0],19
3200408,[11,F8,50,0,0,0,0,0],20
3A04004,[0,AB,FF,FF,FF,FF,FF,FF],21
3C01428,[80,80,71,4E,1E,4D,0,0],20
2803008,[CF,E1,FF,3F,3D,C5,20,0],19
217FFC,[3,EB,40,D8,F0,58,0,0],18
1E0162A,[0,10,0,40,17,0,99,0],20
2803008,[D,E1,FF,3F,3D,C5,20,0],19
131726C,[0,8C,3B,D2,0,2F,0,3F],19
1A0600A,[80,0,0,0,0,9E,40,0],18
2616CFC,[B,42,0,F,33,5A,F,3D],20
217FFC,[3,EB,40,D8,F0,58,0,0],19
3A04004,[0,AB,FF,FF,FF,FF,FF,FF],20
2803008,[8D,E1,FF,3F,3D,C5,20,0],19
2510000,[0,0,0,0,0,0,0,89],20
1E0162A,[40,10,0,40,17,0,19,0],21
2616CFC,[B,42,0,F,33,5A,F,3D],22
1601422,[0,0,0,1,34,90,6,4D],19
131726C,[0,8C,3B,D2,0,2F,0,3F],20
2616CFC,[B,42,0,F,33,5A,F,3D],19
217FFC,[1,6B,40,D8,F0,58,0,0],19
217FFC,[3,6B,40,D8,F0,58,0,0],20
131726C,[0,8C,3B,D2,0,2F,0,3F],19
217FFC,[3,6B,40,D8,F0,58,0,0],20
12173BE,[80,31,0,2,0,82,A2,2],19
E01008,[3,E1,98,0,0,20,4C,0],20
2510000,[0,0,0,0,0,0,0,89],19
217FFC,[3,EB,40,D8,F0,58,0,0],20
2C1302A,[80,4,0,9E,13,8,80,0],19
381526C,[0,9,5,BC,63,9F,32,2C],20
C00402,[83,10,0,0,0,0,0,4],18
1E0162A,[80,10,0,40,17,0,19,0],19
C00402,[C3,10,0,0,0,0,0,4],23
14034A2,[0,5B,0,4,89,3,4,0],19
C00402,[3,10,0,0,0,0,0,4],20
2202262,[0,2,1,80,50,0,40,0],18
131726C,[0,8C,3D,D2,0,2F,0,3F],20
1A0600A,[40,0,0,0,0,9E,40,0],18
3C01428,[40,1,41,4E,1E,4D,0,0],20
E01008,[3,E1,98,0,0,20,4C,0],18
C00402,[C3,10,0,0,0,0,0,4],19
2C1302A,[80,0,0,9E,13,8,80,0],19
2202262,[0,2,1,80,50,0,40,0],20
3A04004,[0,BB,FF,FF,FF,FF,FF,FF],18
C00402,[43,10,0,0,0,0,0,4],18
131726C,[0,8C,3D,D2,0,2F,0,3F],20
1B500000,[0,0,0,0,0,0,0,0],19
1E0162A,[C0,10,0,40,17,0,99,0],23
2300492,[0,0,0,0,0,0,0,4],19
14034A2,[0,5B,0,4,89,3,4,0],19
C00402,[3,10,0,0,0,0,0,4],19
3200408,[11,F8,50,0,0,0,0,0],20
1A0600A,[C0,0,0,0,0,9E,40,0],19
3A04004,[0,AB,FF,FF,FF,FF,FF,FF],20
E01008,[3,E1,98,0,0,20,4C,0],18
131726C,[0,8C,39,D2,0,2F,0,3F],18
14034A2,[0,5B,0,4,89,3,4,0],20
217FFC,[1,6B,40,D8,F0,58,0,0],19
1E0162A,[40,10,0,40,17,0,99,2],20
2803008,[4D,E1,FF,3F,3D,C5,20,0],18
1A0600A,[80,0,0,0,0,9E,40,0],19
2C1302A,[0,4,0,9E,13,8,80,0],19
2803008,[8D,E1,FF,3F,3D,C5,20,0],23
1601422,[0,0,0,1,34,90,6,4D],19
131726C,[0,8C,39,D2,0,2F,0,3F],20
1017FFC,[16,2,62,2,1,2,1,2],18
217FFC,[3,6B,40,D8,F0,58,0,0],19
2510000,[0,0,0,0,0,0,0,89],20
2616CFC,[B,42,0,F,33,5A,F,3D],19
217FFC,[1,6B,40,D8,F0,58,0,0],22
1A0600A,[80,0,0,0,0,9E,40,0],18
2006428,[1,E3,E0,0,0,0,0,0],19
1E0162A,[40,10,0,40,17,0,19,0],19
131726C,[0,8C,39,D2,0,2F,0,3F],20
E01008,[3,E1,98,0,0,20,4C,0],19
217FFC,[1,6B,40,D8,F0,58,0,0],19
217FFC,[3,EB,40,D8,F0,58,0,0],18
3000042,[0,0,1,B0,1C,0,2,22],20
1A0600A,[40,0,0,0,0,9E,40,0],17
1601422,[0,0,0,1,34,90,6,4D],19
131726C,[0,8C,37,D2,0,2F,0,3F],20
2C1302A,[80,4,0,9E,13,8,80,0],19
3000042,[0,0,1,B0,1C,0,2,22],20
C00402,[3,10,0,0,0,0,0,4],19
3200408,[11,F8,10,0,0,0,0,0],19
E01008,[3,E1,98,0,0,20,4C,0],18
131726C,[0,8C,37,D2,0,2F,0,3F],19
2803008,[8D,E1,FF,3F,3D,C5,20,0],18
E01008,[3,E1,98,0,0,20,4C,0],18
2300492,[0,0,0,0,0,0,0,4],20
131726C,[0,8C,37,D2,0,2F,0,3F],19
12173BE,[C0,31,0,2,0,82,A2,2],20
1E0162A,[0,10,0,40,17,0,19,0],19
3600008,[0,0,F0,60,30,0,0,0],23
1017FFC,[5,0,37,9E,40,6A,7,A8],19
2202262,[0,2,1,80,50,0,40,0],19
2803008,[4D,E1,FF,3F,3D,C5,20,0],19
1B500000,[0,0,0,0,0,0,0,0],21
2C1302A,[C0,4,0,9E,13,8,80,0],19
1E0162A,[0,10,0,40,17,0,99,2],20
3E0004A,[0,0,0,0,1D,E0,0,0],19
2C1302A,[0,0,0,9E,13,8,80,0],19
3200408,[1,F8,50,0,0,0,0,0],20
217FFC,[3,6B,40,D8,F0,58,0,0],19
3A04004,[0,AB,FF,FF,FF,FF,FF,FF],20
2803008,[F,E1,FF,3F,3D,C5,20,0],19
1A0600A,[0,0,0,0,0,9E,40,0],19
12173BE,[80,21,0,2,0,2,A2,2],18
1E0162A,[40,10,0,40,17,0,19,0],23
1601422,[0,0,0,1,34,90,6,4C],19
4200002,[64,0,7C,0,1A,4D,50,0],20
2202262,[0,2,1,80,50,0,40,0],19
2510000,[0,0,0,0,0,0,0,89],20
217FFC,[3,EB,40,D8,F0,58,0,0],19
131726C,[0,8C,30,D2,0,2F,0,3F],19
217FFC,[3,6B,40,D8,F0,58,0,0],20
12173BE,[80,31,0,2,0,82,A2,2],19
217FFC,[3,6B,40,D8,F0,58,0,0],20
217FFC,[1,6B,40,D8,F0,58,0,0],18
1E0162A,[C1,10,0,40,17,0,99,0],19
